&a / °	I1 / %
5.459	0.0
5.454	0.0
5.449	0.0
5.443	0.0
5.438	0.0
5.433	0.0
5.428	0.0
5.422	0.0
5.417	0.0
5.412	0.0
5.406	0.0
5.401	0.0
5.396	0.0
5.390	0.0
5.385	0.0
5.380	0.0
5.375	0.0
5.369	0.0
5.364	0.0
5.359	0.0
5.353	0.0
5.348	0.0
5.343	0.0
5.337	0.0
5.332	0.0
5.327	0.0
5.322	0.0
5.316	0.0
5.311	0.0
5.306	0.0
5.300	0.0
5.295	0.0
5.290	0.0
5.284	0.0
5.279	0.0
5.274	0.0
5.269	0.0
5.263	0.0
5.258	0.0
5.253	0.0
5.247	0.0
5.242	0.0
5.237	0.0
5.231	0.0
5.226	0.0
5.221	0.0
5.216	0.0
5.210	0.0
5.205	0.0
5.200	0.0
5.194	0.0
5.189	0.0
5.184	0.0
5.178	0.2
5.173	0.4
5.168	0.8
5.162	0.9
5.157	0.9
5.152	0.8
5.147	0.8
5.141	0.5
5.136	0.4
5.131	0.4
5.125	0.4
5.120	0.4
5.115	0.4
5.109	0.4
5.104	0.4
5.099	0.6
5.094	1.2
5.088	1.6
5.083	2.0
5.078	1.9
5.072	1.6
5.067	1.2
5.062	0.8
5.056	0.8
5.051	0.8
5.046	0.5
5.040	0.5
5.035	0.5
5.030	0.6
5.025	0.9
5.019	1.6
5.014	2.4
5.009	3.2
5.003	3.2
4.998	2.8
4.993	2.4
4.987	2.0
4.982	1.6
4.977	1.2
4.971	0.8
4.966	0.8
4.961	0.8
4.956	0.8
4.950	1.0
4.945	1.4
4.940	2.2
4.934	3.6
4.929	4.4
4.924	4.8
4.918	4.4
4.913	3.6
4.908	2.8
4.902	2.3
4.897	1.7
4.892	1.3
4.887	1.0
4.881	1.0
4.876	1.1
4.871	1.5
4.865	1.9
4.860	3.1
4.855	4.8
4.849	6.2
4.844	6.4
4.839	6.0
4.833	5.2
4.828	4.4
4.823	3.3
4.818	2.6
4.812	2.1
4.807	1.7
4.802	1.6
4.796	1.6
4.791	1.6
4.786	2.0
4.780	3.2
4.775	5.2
4.770	7.2
4.764	8.0
4.759	7.6
4.754	6.8
4.748	5.6
4.743	4.7
4.738	3.7
4.733	2.9
4.727	2.4
4.722	2.0
4.717	2.0
4.711	2.0
4.706	2.4
4.701	3.2
4.695	4.8
4.690	7.5
4.685	9.3
4.679	9.7
4.674	9.0
4.669	8.0
4.663	6.8
4.658	5.6
4.653	4.4
4.648	3.6
4.642	2.8
4.637	2.4
4.632	2.4
4.626	2.4
4.621	2.8
4.616	4.0
4.610	6.4
4.605	9.2
4.600	11.2
4.594	11.6
4.589	10.8
4.584	9.6
4.578	8.0
4.573	6.8
4.568	5.6
4.563	4.4
4.557	3.6
4.552	3.2
4.547	2.8
4.541	2.9
4.536	3.5
4.531	4.8
4.525	7.2
4.520	10.0
4.515	11.8
4.509	12.6
4.504	12.2
4.499	11.2
4.493	9.7
4.488	8.1
4.483	6.7
4.478	5.5
4.472	4.4
4.467	3.8
4.462	3.4
4.456	3.4
4.451	3.6
4.446	4.5
4.440	7.0
4.435	10.6
4.430	13.2
4.424	14.4
4.419	14.4
4.414	13.2
4.408	11.6
4.403	10.0
4.398	8.4
4.392	6.8
4.387	5.6
4.382	4.8
4.377	4.0
4.371	3.6
4.366	3.6
4.361	4.2
4.355	5.7
4.350	8.9
4.345	12.1
4.339	13.5
4.334	13.5
4.329	12.6
4.323	11.2
4.318	10.0
4.313	8.8
4.307	7.9
4.302	6.8
4.297	6.0
4.291	5.2
4.286	4.6
4.281	4.2
4.275	4.2
4.270	4.8
4.265	6.4
4.260	10.0
4.254	14.2
4.249	16.5
4.244	17.0
4.238	16.3
4.233	14.8
4.228	12.9
4.222	11.2
4.217	9.5
4.212	8.0
4.206	6.8
4.201	5.8
4.196	5.0
4.190	4.6
4.185	4.4
4.180	4.8
4.174	6.0
4.169	9.1
4.164	14.0
4.158	17.5
4.153	18.3
4.148	17.4
4.143	15.6
4.137	13.6
4.132	11.6
4.127	10.0
4.121	8.7
4.116	7.6
4.111	6.5
4.105	6.0
4.100	5.2
4.095	4.8
4.089	4.8
4.084	5.5
4.079	7.1
4.073	10.8
4.068	15.6
4.063	18.8
4.057	19.6
4.052	18.8
4.047	16.8
4.041	14.8
4.036	12.8
4.031	10.9
4.025	9.3
4.020	8.1
4.015	7.1
4.009	6.3
4.004	5.6
3.999	5.2
3.994	5.2
3.988	5.6
3.983	6.9
3.978	10.8
3.972	16.8
3.967	21.2
3.962	22.3
3.956	21.1
3.951	18.7
3.946	16.0
3.940	13.6
3.935	11.6
3.930	10.0
3.924	8.7
3.919	7.6
3.914	6.7
3.908	6.0
3.903	5.6
3.898	5.5
3.892	5.5
3.887	6.3
3.882	8.5
3.876	13.3
3.871	19.5
3.866	22.9
3.860	23.3
3.855	21.5
3.850	18.8
3.844	16.0
3.839	13.6
3.834	11.3
3.829	9.7
3.823	8.4
3.818	7.4
3.813	6.5
3.807	6.0
3.802	5.6
3.797	5.6
3.791	5.6
3.786	6.4
3.781	8.3
3.775	12.7
3.770	18.7
3.765	23.2
3.759	24.4
3.754	23.1
3.749	20.3
3.743	17.3
3.738	14.5
3.733	12.1
3.727	10.1
3.722	8.8
3.717	7.6
3.711	6.8
3.706	6.0
3.701	5.6
3.695	5.6
3.690	5.6
3.685	6.0
3.679	7.2
3.674	10.3
3.669	16.4
3.663	23.2
3.658	27.2
3.653	27.2
3.647	24.7
3.642	21.0
3.637	17.4
3.632	14.2
3.626	11.9
3.621	10.0
3.616	8.4
3.610	7.3
3.605	6.5
3.600	6.0
3.594	5.6
3.589	5.6
3.584	5.6
3.578	6.0
3.573	7.1
3.568	9.5
3.562	15.1
3.557	22.4
3.552	27.6
3.546	29.1
3.541	27.2
3.536	23.5
3.530	19.4
3.525	15.6
3.520	12.8
3.514	10.6
3.509	9.0
3.504	7.8
3.498	7.0
3.493	6.2
3.488	5.8
3.482	5.6
3.477	5.6
3.472	6.0
3.466	6.4
3.461	7.6
3.456	10.7
3.450	16.4
3.445	23.7
3.440	29.0
3.434	30.8
3.429	28.8
3.424	24.8
3.418	20.4
3.413	16.4
3.408	13.2
3.402	10.8
3.397	8.9
3.392	7.7
3.386	6.6
3.381	6.0
3.376	5.6
3.370	5.6
3.365	5.6
3.360	5.9
3.354	6.3
3.349	7.4
3.344	9.5
3.338	13.9
3.333	21.0
3.328	27.9
3.322	31.7
3.317	31.9
3.312	28.8
3.306	24.4
3.301	19.6
3.296	15.6
3.291	12.8
3.285	10.4
3.280	8.8
3.275	7.6
3.269	6.4
3.264	6.0
3.259	5.6
3.253	5.3
3.248	5.3
3.243	5.4
3.237	6.0
3.232	7.0
3.227	8.8
3.221	12.7
3.216	19.2
3.211	26.5
3.205	32.0
3.200	34.0
3.195	32.1
3.189	27.8
3.184	22.7
3.179	18.3
3.173	14.7
3.168	11.9
3.163	9.8
3.157	8.3
3.152	7.1
3.147	6.3
3.141	5.8
3.136	5.6
3.131	5.4
3.125	5.4
3.120	5.5
3.115	6.2
3.109	7.2
3.104	9.0
3.099	12.6
3.093	18.8
3.088	26.2
3.083	32.2
3.077	35.4
3.072	34.6
3.067	30.5
3.061	25.3
3.056	20.3
3.051	16.0
3.045	12.8
3.040	10.4
3.035	8.8
3.029	7.6
3.024	6.4
3.019	6.0
3.013	5.6
3.008	5.5
3.003	5.4
2.997	5.4
2.992	5.7
2.987	6.3
2.981	7.2
2.976	9.1
2.971	12.5
2.965	18.5
2.960	25.8
2.955	32.0
2.949	35.8
2.944	36.3
2.939	33.2
2.933	28.3
2.928	22.8
2.923	18.2
2.917	14.5
2.912	11.7
2.907	9.6
2.901	8.1
2.896	7.0
2.891	6.2
2.885	5.8
2.880	5.5
2.875	5.2
2.869	5.2
2.864	5.2
2.859	5.6
2.853	6.2
2.848	7.2
2.843	8.8
2.837	12.1
2.832	17.6
2.827	24.9
2.821	32.0
2.816	37.3
2.811	39.5
2.805	37.5
2.800	32.6
2.795	26.8
2.789	21.2
2.784	16.7
2.779	13.2
2.773	10.8
2.768	8.8
2.763	7.6
2.757	6.4
2.752	6.0
2.747	5.6
2.741	5.3
2.736	5.1
2.731	5.2
2.725	5.2
2.720	5.6
2.715	6.1
2.709	7.2
2.704	8.6
2.699	11.3
2.693	15.9
2.688	22.6
2.683	29.8
2.677	35.8
2.672	39.3
2.667	39.2
2.661	35.9
2.656	30.7
2.651	25.1
2.645	20.1
2.640	16.0
2.635	12.8
2.629	10.4
2.624	8.8
2.619	7.6
2.613	6.8
2.608	6.0
2.602	5.6
2.597	5.4
2.592	5.3
2.586	5.2
2.581	5.2
2.576	5.2
2.570	5.3
2.565	5.7
2.560	6.5
2.554	8.0
2.549	10.5
2.544	14.9
2.538	21.6
2.533	28.8
2.528	35.3
2.522	39.6
2.517	41.2
2.512	39.2
2.506	34.5
2.501	28.5
2.496	22.9
2.490	18.1
2.485	14.5
2.480	11.7
2.474	9.7
2.469	8.2
2.464	7.2
2.458	6.4
2.453	6.0
2.448	5.6
2.442	5.4
2.437	5.2
2.432	5.2
2.426	5.2
2.421	5.3
2.416	5.7
2.410	6.4
2.405	7.2
2.400	8.5
2.394	10.8
2.389	14.4
2.384	20.0
2.378	26.8
2.373	33.2
2.368	38.4
2.362	42.0
2.357	42.8
2.352	40.8
2.346	36.1
2.341	30.2
2.336	24.2
2.330	19.2
2.325	15.4
2.320	12.4
2.314	10.4
2.309	8.8
2.304	7.6
2.298	6.7
2.293	6.0
2.288	5.6
2.282	5.6
2.277	5.3
2.272	5.2
2.266	5.2
2.261	5.2
2.256	5.2
2.250	5.6
2.245	6.0
2.240	6.8
2.234	8.0
2.229	9.6
2.223	12.3
2.218	16.5
2.213	22.3
2.207	28.8
2.202	34.8
2.197	40.0
2.191	43.2
2.186	44.4
2.181	42.6
2.175	38.3
2.170	32.5
2.165	26.5
2.159	21.3
2.154	17.2
2.149	13.9
2.143	11.5
2.138	9.6
2.133	8.4
2.127	7.5
2.122	6.8
2.117	6.1
2.111	5.7
2.106	5.6
2.101	5.6
2.095	5.6
2.090	5.6
2.085	5.6
2.079	5.6
2.074	5.7
2.069	6.1
2.063	6.5
2.058	7.3
2.053	8.3
2.047	10.0
2.042	12.4
2.037	16.0
2.031	21.4
2.026	27.6
2.021	33.3
2.015	38.4
2.010	42.3
2.005	44.6
1.999	44.6
1.994	42.4
1.989	38.4
1.983	33.2
1.978	27.6
1.972	22.4
1.967	18.0
1.962	14.8
1.956	12.3
1.951	10.4
1.946	9.1
1.940	8.0
1.935	7.2
1.930	6.8
1.924	6.3
1.919	6.0
1.914	5.6
1.908	5.6
1.903	5.6
1.898	5.6
1.892	5.6
1.887	5.6
1.882	5.9
1.876	6.2
1.871	6.4
1.866	6.8
1.860	7.3
1.855	8.1
1.850	9.3
1.844	11.3
1.839	14.1
1.834	18.4
1.828	24.0
1.823	30.0
1.818	35.5
1.812	40.3
1.807	43.8
1.802	46.1
1.796	46.7
1.791	45.5
1.786	42.3
1.780	37.6
1.775	32.0
1.769	26.6
1.764	21.8
1.759	18.0
1.753	14.8
1.748	12.8
1.743	10.9
1.737	9.6
1.732	8.6
1.727	7.8
1.721	7.2
1.716	6.8
1.711	6.4
1.705	6.3
1.700	5.9
1.695	5.8
1.689	5.6
1.684	5.6
1.679	5.6
1.673	5.8
1.668	6.0
1.663	6.3
1.657	6.4
1.652	6.8
1.647	7.2
1.641	7.6
1.636	8.4
1.631	9.2
1.625	10.4
1.620	12.4
1.615	15.0
1.609	18.7
1.604	23.2
1.599	28.4
1.593	33.1
1.588	37.5
1.582	41.5
1.577	45.3
1.572	47.8
1.566	49.0
1.561	48.5
1.556	46.1
1.550	41.8
1.545	36.7
1.540	31.2
1.534	26.0
1.529	21.6
1.524	18.0
1.518	15.1
1.513	13.1
1.508	11.5
1.502	10.3
1.497	9.2
1.492	8.4
1.486	7.6
1.481	7.2
1.476	6.8
1.470	6.5
1.465	6.4
1.460	6.3
1.454	6.0
1.449	6.0
1.444	6.0
1.438	6.0
1.433	6.0
1.428	6.2
1.422	6.3
1.417	6.4
1.411	6.4
1.406	6.7
1.401	6.8
1.395	7.1
1.390	7.5
1.385	7.9
1.379	8.4
1.374	9.2
1.369	10.0
1.363	11.4
1.358	13.2
1.353	15.6
1.347	19.0
1.342	23.3
1.337	28.1
1.331	33.3
1.326	37.8
1.321	41.7
1.315	44.9
1.310	47.6
1.305	49.7
1.299	51.2
1.294	51.2
1.289	49.9
1.283	47.0
1.278	43.0
1.273	38.1
1.267	33.1
1.262	28.3
1.256	24.0
1.251	20.4
1.246	17.6
1.240	15.2
1.235	13.5
1.230	11.9
1.224	10.7
1.219	9.6
1.214	8.8
1.208	8.4
1.203	7.8
1.198	7.4
1.192	7.2
1.187	6.9
1.182	6.9
1.176	6.8
1.171	6.8
1.166	6.7
1.160	6.6
1.155	6.4
1.150	6.4
1.144	6.4
1.139	6.4
1.134	6.4
1.128	6.4
1.123	6.4
1.118	6.4
1.112	6.4
1.107	6.4
1.101	6.4
1.096	6.4
1.091	6.5
1.085	6.8
1.080	6.9
1.075	7.3
1.069	7.7
1.064	8.3
1.059	8.9
1.053	9.8
1.048	10.8
1.043	12.3
1.037	13.9
1.032	15.9
1.027	18.3
1.021	21.1
1.016	24.2
1.011	27.8
1.005	31.8
1.000	35.9
0.995	39.5
0.989	42.8
0.984	45.7
0.979	48.4
0.973	50.5
0.968	52.3
0.962	53.2
0.957	53.2
0.952	52.4
0.946	51.1
0.941	49.1
0.936	46.1
0.930	42.4
0.925	38.4
0.920	34.6
0.914	31.1
0.909	27.9
0.904	25.1
0.898	22.4
0.893	20.1
0.888	18.0
0.882	16.0
0.877	14.4
0.872	13.2
0.866	12.0
0.861	11.2
0.856	10.4
0.850	9.6
0.845	9.0
0.840	8.6
0.834	8.2
0.829	7.9
0.823	7.5
0.818	7.2
0.813	7.1
0.807	6.9
0.802	6.8
0.797	6.8
0.791	6.4
0.786	6.4
0.781	6.4
0.775	6.4
0.770	6.4
0.765	6.4
0.759	6.4
0.754	6.8
0.749	6.8
0.743	6.8
0.738	6.8
0.733	6.8
0.727	6.8
0.722	6.8
0.717	6.5
0.711	6.4
0.706	6.4
0.701	6.4
0.695	6.4
0.690	6.4
0.684	6.4
0.679	6.4
0.674	6.4
0.668	6.4
0.663	6.4
0.658	6.5
0.652	6.6
0.647	6.8
0.642	6.8
0.636	7.2
0.631	7.5
0.626	7.8
0.620	8.0
0.615	8.4
0.610	8.8
0.604	9.2
0.599	9.9
0.594	10.7
0.588	11.2
0.583	11.8
0.578	12.4
0.572	13.2
0.567	13.9
0.561	14.6
0.556	15.4
0.551	16.6
0.545	17.9
0.540	19.5
0.535	21.1
0.529	22.8
0.524	24.8
0.519	27.1
0.513	29.2
0.508	31.6
0.503	34.0
0.497	36.5
0.492	38.7
0.487	40.9
0.481	43.0
0.476	45.2
0.471	47.2
0.465	49.2
0.460	50.6
0.455	51.9
0.449	52.7
0.444	53.4
0.438	53.9
0.433	54.7
0.428	55.4
0.422	55.8
0.417	55.3
0.412	54.1
0.406	52.6
0.401	51.8
0.396	51.5
0.390	51.6
0.385	51.5
0.380	51.3
0.374	50.8
0.369	50.0
0.364	48.8
0.358	47.5
0.353	45.9
0.348	44.4
0.342	42.8
0.337	41.4
0.332	40.0
0.326	38.4
0.321	36.6
0.316	34.7
0.310	32.8
0.305	31.2
0.299	29.6
0.294	28.4
0.289	27.3
0.283	26.6
0.278	25.6
0.273	24.9
0.267	24.1
0.262	23.3
0.257	22.5
0.251	21.9
0.246	21.4
0.241	20.9
0.235	20.4
0.230	20.0
0.225	19.6
0.219	18.9
0.214	18.4
0.209	18.0
0.203	17.3
0.198	16.8
0.193	16.1
0.187	15.7
0.182	15.2
0.176	14.8
0.171	14.4
0.166	14.0
0.160	13.6
0.155	13.3
0.150	13.0
0.144	12.7
0.139	12.3
0.134	12.0
0.128	12.0
0.123	12.0
0.118	12.0
0.112	11.9
0.107	11.6
0.102	11.5
0.096	11.2
0.091	11.2
0.086	11.1
0.080	11.0
0.075	10.9
0.070	10.8
0.064	10.8
0.059	10.8
0.053	10.8
0.048	10.8
0.043	10.8
0.037	10.8
0.032	10.9
0.027	11.2
0.021	11.5
0.016	11.6
0.011	11.6
0.005	11.6
0.000	11.6
-0.005	11.3
-0.011	10.9
-0.016	10.6
-0.021	10.3
-0.027	10.2
-0.032	10.0
-0.037	10.0
-0.043	10.0
-0.048	10.0
-0.053	10.0
-0.059	10.0
-0.064	10.0
-0.070	10.0
-0.075	10.0
-0.080	10.0
-0.086	10.0
-0.091	10.1
-0.096	10.1
-0.102	10.3
-0.107	10.3
-0.112	10.4
-0.118	10.4
-0.123	10.4
-0.128	10.4
-0.134	10.6
-0.139	10.7
-0.144	10.8
-0.150	10.9
-0.155	11.2
-0.160	11.2
-0.166	11.6
-0.171	11.6
-0.176	11.6
-0.182	11.6
-0.187	12.0
-0.193	12.4
-0.198	12.8
-0.203	12.8
-0.209	13.2
-0.214	13.6
-0.219	13.9
-0.225	14.0
-0.230	14.4
-0.235	14.5
-0.241	14.8
-0.246	14.8
-0.251	15.2
-0.257	15.3
-0.262	15.6
-0.267	15.7
-0.273	16.0
-0.278	16.1
-0.283	16.5
-0.289	16.9
-0.294	17.6
-0.299	18.4
-0.305	19.2
-0.310	19.9
-0.316	20.7
-0.321	21.3
-0.326	22.0
-0.332	22.8
-0.337	23.6
-0.342	24.4
-0.348	25.2
-0.353	26.0
-0.358	27.1
-0.364	28.3
-0.369	29.6
-0.374	30.8
-0.380	32.2
-0.385	33.6
-0.390	35.1
-0.396	36.3
-0.401	37.9
-0.406	39.3
-0.412	40.7
-0.417	42.2
-0.422	43.7
-0.428	45.1
-0.433	46.4
-0.438	47.6
-0.444	48.8
-0.449	50.0
-0.455	51.0
-0.460	52.0
-0.465	53.2
-0.471	54.1
-0.476	54.9
-0.481	55.5
-0.487	56.0
-0.492	56.1
-0.497	56.1
-0.503	55.9
-0.508	55.6
-0.513	54.8
-0.519	54.0
-0.524	52.8
-0.529	51.4
-0.535	49.6
-0.540	47.6
-0.545	45.3
-0.551	43.1
-0.556	40.5
-0.561	37.9
-0.567	35.1
-0.572	32.6
-0.578	30.0
-0.583	27.6
-0.588	25.4
-0.594	23.4
-0.599	21.5
-0.604	19.9
-0.610	18.3
-0.615	16.8
-0.620	15.6
-0.626	14.4
-0.631	13.2
-0.636	12.4
-0.642	11.6
-0.647	10.8
-0.652	10.1
-0.658	9.6
-0.663	9.2
-0.668	8.8
-0.674	8.4
-0.679	8.1
-0.684	7.7
-0.690	7.5
-0.695	7.2
-0.701	7.2
-0.706	6.8
-0.711	6.8
-0.717	6.4
-0.722	6.4
-0.727	6.3
-0.733	6.3
-0.738	6.0
-0.743	6.0
-0.749	5.7
-0.754	5.7
-0.759	5.6
-0.765	5.6
-0.770	5.6
-0.775	5.6
-0.781	5.6
-0.786	5.7
-0.791	5.6
-0.797	5.9
-0.802	6.0
-0.807	6.0
-0.813	6.1
-0.818	6.4
-0.823	6.5
-0.829	6.8
-0.834	6.8
-0.840	7.2
-0.845	7.4
-0.850	7.7
-0.856	8.0
-0.861	8.1
-0.866	8.3
-0.872	8.6
-0.877	8.8
-0.882	8.9
-0.888	9.0
-0.893	9.3
-0.898	9.6
-0.904	9.8
-0.909	10.1
-0.914	10.5
-0.920	10.9
-0.925	11.3
-0.930	12.0
-0.936	12.9
-0.941	13.8
-0.946	15.0
-0.952	16.2
-0.957	17.9
-0.962	19.6
-0.968	21.6
-0.973	23.9
-0.979	26.4
-0.984	29.2
-0.989	32.1
-0.995	34.9
-1.000	37.8
-1.005	40.8
-1.011	43.8
-1.016	46.5
-1.021	49.0
-1.027	50.9
-1.032	52.4
-1.037	52.6
-1.043	51.8
-1.048	49.8
-1.053	46.7
-1.059	42.6
-1.064	38.0
-1.069	33.2
-1.075	28.7
-1.080	24.4
-1.085	20.9
-1.091	18.0
-1.096	15.6
-1.101	13.6
-1.107	12.0
-1.112	10.8
-1.118	9.8
-1.123	9.0
-1.128	8.3
-1.134	7.6
-1.139	7.2
-1.144	6.8
-1.150	6.6
-1.155	6.4
-1.160	6.1
-1.166	5.7
-1.171	5.6
-1.176	5.6
-1.182	5.6
-1.187	5.6
-1.192	5.6
-1.198	5.6
-1.203	5.6
-1.208	5.6
-1.214	5.6
-1.219	5.6
-1.224	5.6
-1.230	5.6
-1.235	6.0
-1.240	6.0
-1.246	6.4
-1.251	6.5
-1.256	6.8
-1.262	7.2
-1.267	7.6
-1.273	8.0
-1.278	8.8
-1.283	9.6
-1.289	10.4
-1.294	11.2
-1.299	12.7
-1.305	14.1
-1.310	15.7
-1.315	17.7
-1.321	20.1
-1.326	22.8
-1.331	26.0
-1.337	29.2
-1.342	32.8
-1.347	36.4
-1.353	40.0
-1.358	43.6
-1.363	46.6
-1.369	48.4
-1.374	48.8
-1.379	47.2
-1.385	43.6
-1.390	38.4
-1.395	32.8
-1.401	27.6
-1.406	22.8
-1.411	19.0
-1.417	16.1
-1.422	13.7
-1.428	12.0
-1.433	10.7
-1.438	9.6
-1.444	8.8
-1.449	8.4
-1.454	8.0
-1.460	7.6
-1.465	7.2
-1.470	7.2
-1.476	7.0
-1.481	7.0
-1.486	6.9
-1.492	6.9
-1.497	6.9
-1.502	6.9
-1.508	6.9
-1.513	6.9
-1.518	7.0
-1.524	7.3
-1.529	7.6
-1.534	8.0
-1.540	8.2
-1.545	8.6
-1.550	9.1
-1.556	9.9
-1.561	10.5
-1.566	11.4
-1.572	12.5
-1.577	14.0
-1.582	15.6
-1.588	17.6
-1.593	19.9
-1.599	22.6
-1.604	25.4
-1.609	28.8
-1.615	32.4
-1.620	36.5
-1.625	40.6
-1.631	44.5
-1.636	47.1
-1.641	47.6
-1.647	45.2
-1.652	40.4
-1.657	34.4
-1.663	28.4
-1.668	23.2
-1.673	19.0
-1.679	15.6
-1.684	13.2
-1.689	11.6
-1.695	10.4
-1.700	9.4
-1.705	8.8
-1.711	8.4
-1.716	8.0
-1.721	7.6
-1.727	7.2
-1.732	7.2
-1.737	7.2
-1.743	7.1
-1.748	7.1
-1.753	7.1
-1.759	7.1
-1.764	7.1
-1.769	7.3
-1.775	7.6
-1.780	8.0
-1.786	8.4
-1.791	8.9
-1.796	9.7
-1.802	10.8
-1.807	12.0
-1.812	13.3
-1.818	15.0
-1.823	17.2
-1.828	19.7
-1.834	22.9
-1.839	26.4
-1.844	30.6
-1.850	35.1
-1.855	39.6
-1.860	43.5
-1.866	45.8
-1.871	44.9
-1.876	40.9
-1.882	34.8
-1.887	28.5
-1.892	22.9
-1.898	18.5
-1.903	15.2
-1.908	12.8
-1.914	11.1
-1.919	9.9
-1.924	8.8
-1.930	8.1
-1.935	7.6
-1.940	7.2
-1.946	7.0
-1.951	6.9
-1.956	6.8
-1.962	6.8
-1.967	6.8
-1.972	6.8
-1.978	6.8
-1.983	7.2
-1.989	7.6
-1.994	8.0
-1.999	8.6
-2.005	9.3
-2.010	10.1
-2.015	10.9
-2.021	12.1
-2.026	13.6
-2.031	15.6
-2.037	18.4
-2.042	22.0
-2.047	26.2
-2.053	30.8
-2.058	35.7
-2.063	40.0
-2.069	42.4
-2.074	41.4
-2.079	36.9
-2.085	30.4
-2.090	24.1
-2.095	18.9
-2.101	14.9
-2.106	12.1
-2.111	10.1
-2.117	8.5
-2.122	7.6
-2.127	6.8
-2.133	6.4
-2.138	6.0
-2.143	5.6
-2.149	5.6
-2.154	5.6
-2.159	5.6
-2.165	5.6
-2.170	5.6
-2.175	6.0
-2.181	6.4
-2.186	7.0
-2.191	7.7
-2.197	8.7
-2.202	9.9
-2.207	11.6
-2.213	13.3
-2.218	15.7
-2.223	18.5
-2.229	22.1
-2.234	26.0
-2.240	30.3
-2.245	34.4
-2.250	37.5
-2.256	37.9
-2.261	34.8
-2.266	29.2
-2.272	23.2
-2.277	17.6
-2.282	13.6
-2.288	10.8
-2.293	8.8
-2.298	7.5
-2.304	6.4
-2.309	6.0
-2.314	5.6
-2.320	5.2
-2.325	5.2
-2.330	5.1
-2.336	5.2
-2.341	5.2
-2.346	5.2
-2.352	5.6
-2.357	6.1
-2.362	6.8
-2.368	7.6
-2.373	8.8
-2.378	10.4
-2.384	12.1
-2.389	14.4
-2.394	17.2
-2.400	20.7
-2.405	24.6
-2.410	28.9
-2.416	33.2
-2.421	36.2
-2.426	35.8
-2.432	31.6
-2.437	25.4
-2.442	19.4
-2.448	14.6
-2.453	11.4
-2.458	9.1
-2.464	7.6
-2.469	6.4
-2.474	6.0
-2.480	5.6
-2.485	5.3
-2.490	5.2
-2.496	5.2
-2.501	5.2
-2.506	5.2
-2.512	5.6
-2.517	6.1
-2.522	6.7
-2.528	7.6
-2.533	8.8
-2.538	10.3
-2.544	12.0
-2.549	14.3
-2.554	17.1
-2.560	20.5
-2.565	24.4
-2.570	28.7
-2.576	32.7
-2.581	35.0
-2.586	33.4
-2.592	28.3
-2.597	22.0
-2.602	16.8
-2.608	12.8
-2.613	10.1
-2.619	8.4
-2.624	7.2
-2.629	6.4
-2.635	6.0
-2.640	5.6
-2.645	5.6
-2.651	5.6
-2.656	6.0
-2.661	6.3
-2.667	6.7
-2.672	7.2
-2.677	7.9
-2.683	8.8
-2.688	10.0
-2.693	11.6
-2.699	13.6
-2.704	16.1
-2.709	19.2
-2.715	22.8
-2.720	26.8
-2.725	30.4
-2.731	32.4
-2.736	31.6
-2.741	25.7
-2.747	19.6
-2.752	14.5
-2.757	10.8
-2.763	8.4
-2.768	6.8
-2.773	6.0
-2.779	5.3
-2.784	4.9
-2.789	4.8
-2.795	4.8
-2.800	5.2
-2.805	5.2
-2.811	5.6
-2.816	6.4
-2.821	7.2
-2.827	8.2
-2.832	9.5
-2.837	11.3
-2.843	13.4
-2.848	16.2
-2.853	19.3
-2.859	22.9
-2.864	26.5
-2.869	29.6
-2.875	29.6
-2.880	25.6
-2.885	20.0
-2.891	14.9
-2.896	11.1
-2.901	8.7
-2.907	7.1
-2.912	6.2
-2.917	5.5
-2.923	5.2
-2.928	5.2
-2.933	5.2
-2.939	5.2
-2.944	5.6
-2.949	6.3
-2.955	7.1
-2.960	8.0
-2.965	9.2
-2.971	10.6
-2.976	12.7
-2.981	15.1
-2.987	18.0
-2.992	21.2
-2.997	24.8
-3.003	28.0
-3.008	29.0
-3.013	26.0
-3.019	20.7
-3.024	15.5
-3.029	11.6
-3.035	9.0
-3.040	7.2
-3.045	6.3
-3.051	5.7
-3.056	5.3
-3.061	5.2
-3.067	5.2
-3.072	5.4
-3.077	5.8
-3.083	6.4
-3.088	7.2
-3.093	8.4
-3.099	9.6
-3.104	11.2
-3.109	13.2
-3.115	15.6
-3.120	18.7
-3.125	22.2
-3.131	25.6
-3.136	27.1
-3.141	24.7
-3.147	19.6
-3.152	14.4
-3.157	10.8
-3.163	8.0
-3.168	6.6
-3.173	5.6
-3.179	5.2
-3.184	4.9
-3.189	5.1
-3.195	5.2
-3.200	5.6
-3.205	6.0
-3.211	6.8
-3.216	7.7
-3.221	9.1
-3.227	10.4
-3.232	12.4
-3.237	14.8
-3.243	17.6
-3.248	20.5
-3.253	23.5
-3.259	25.1
-3.264	23.4
-3.269	18.9
-3.275	14.1
-3.280	10.5
-3.285	8.0
-3.291	6.7
-3.296	5.9
-3.301	5.5
-3.306	5.5
-3.312	5.5
-3.317	5.6
-3.322	6.0
-3.328	6.4
-3.333	7.2
-3.338	8.3
-3.344	9.5
-3.349	11.2
-3.354	13.2
-3.360	15.6
-3.365	18.0
-3.370	20.8
-3.376	22.8
-3.381	22.1
-3.386	18.4
-3.392	13.9
-3.397	10.2
-3.402	7.8
-3.408	6.2
-3.413	5.4
-3.418	5.0
-3.424	5.0
-3.429	5.2
-3.434	5.6
-3.440	6.0
-3.445	6.8
-3.450	7.6
-3.456	8.8
-3.461	10.0
-3.466	11.6
-3.472	13.6
-3.477	15.7
-3.482	17.9
-3.488	20.3
-3.493	21.2
-3.498	19.1
-3.504	15.0
-3.509	11.0
-3.514	8.2
-3.520	6.5
-3.525	5.4
-3.530	4.9
-3.536	4.8
-3.541	5.2
-3.546	5.3
-3.552	6.0
-3.557	6.8
-3.562	7.6
-3.568	8.8
-3.573	10.0
-3.578	11.5
-3.584	13.1
-3.589	14.5
-3.594	16.3
-3.600	18.0
-3.605	18.8
-3.610	16.8
-3.616	13.1
-3.621	9.6
-3.626	7.2
-3.632	5.6
-3.637	4.8
-3.642	4.4
-3.647	4.4
-3.653	4.8
-3.658	5.4
-3.663	6.1
-3.669	7.2
-3.674	8.3
-3.679	9.5
-3.685	10.7
-3.690	12.3
-3.695	13.8
-3.701	15.5
-3.706	16.9
-3.711	17.7
-3.717	16.2
-3.722	12.9
-3.727	9.6
-3.733	7.2
-3.738	5.6
-3.743	4.8
-3.749	4.3
-3.754	4.3
-3.759	4.4
-3.765	4.8
-3.770	5.7
-3.775	6.9
-3.781	8.4
-3.786	9.8
-3.791	11.0
-3.797	12.2
-3.802	13.4
-3.807	14.8
-3.813	16.0
-3.818	16.0
-3.823	13.6
-3.829	10.4
-3.834	7.7
-3.839	5.8
-3.844	4.6
-3.850	4.0
-3.855	3.6
-3.860	3.7
-3.866	4.1
-3.871	4.8
-3.876	6.0
-3.882	7.3
-3.887	8.8
-3.892	10.4
-3.898	11.8
-3.903	12.9
-3.908	13.7
-3.914	14.4
-3.919	14.1
-3.924	12.2
-3.930	9.5
-3.935	7.1
-3.940	5.2
-3.946	4.4
-3.951	3.6
-3.956	3.2
-3.962	3.2
-3.967	3.6
-3.972	4.4
-3.978	5.3
-3.983	6.5
-3.988	8.2
-3.994	9.9
-3.999	11.5
-4.004	12.4
-4.009	13.1
-4.015	13.2
-4.020	12.2
-4.025	9.9
-4.031	7.6
-4.036	5.6
-4.041	4.4
-4.047	3.6
-4.052	3.2
-4.057	2.8
-4.063	2.9
-4.068	3.3
-4.073	4.1
-4.079	5.2
-4.084	6.6
-4.089	8.1
-4.095	9.6
-4.100	10.8
-4.105	11.2
-4.111	11.5
-4.116	10.8
-4.121	8.8
-4.127	6.8
-4.132	5.1
-4.137	4.2
-4.143	3.1
-4.148	2.7
-4.153	2.4
-4.158	2.4
-4.164	2.8
-4.169	3.4
-4.174	4.2
-4.180	5.3
-4.185	6.8
-4.190	8.4
-4.196	10.0
-4.201	10.8
-4.206	10.5
-4.212	9.2
-4.217	7.2
-4.222	5.4
-4.228	4.2
-4.233	3.2
-4.238	2.4
-4.244	2.0
-4.249	2.0
-4.254	2.0
-4.260	2.4
-4.265	2.8
-4.270	3.6
-4.275	4.4
-4.281	5.6
-4.286	7.2
-4.291	8.8
-4.297	9.2
-4.302	8.4
-4.307	6.8
-4.313	5.2
-4.318	3.7
-4.323	2.9
-4.329	2.3
-4.334	1.9
-4.339	1.7
-4.345	1.6
-4.350	1.6
-4.355	1.7
-4.361	2.1
-4.366	2.8
-4.371	4.0
-4.377	5.3
-4.382	6.8
-4.387	7.4
-4.392	6.8
-4.398	5.3
-4.403	4.3
-4.408	3.1
-4.414	2.3
-4.419	1.7
-4.424	1.4
-4.430	1.2
-4.435	1.2
-4.440	1.2
-4.446	1.6
-4.451	1.9
-4.456	2.4
-4.462	3.2
-4.467	4.3
-4.472	5.2
-4.478	5.4
-4.483	4.8
-4.488	3.6
-4.493	2.7
-4.499	2.0
-4.504	1.3
-4.509	1.1
-4.515	0.8
-4.520	0.8
-4.525	0.8
-4.531	0.8
-4.536	0.9
-4.541	1.3
-4.547	1.6
-4.552	2.4
-4.557	2.9
-4.563	3.5
-4.568	3.5
-4.573	2.8
-4.578	2.0
-4.584	1.6
-4.589	1.2
-4.594	0.8
-4.600	0.8
-4.605	0.8
-4.610	0.7
-4.616	0.7
-4.621	0.7
-4.626	0.8
-4.632	0.8
-4.637	1.2
-4.642	1.6
-4.648	2.0
-4.653	2.0
-4.658	1.8
-4.663	1.3
-4.669	0.9
-4.674	0.7
-4.679	0.6
-4.685	0.4
-4.690	0.4
-4.695	0.4
-4.701	0.4
-4.706	0.4
-4.711	0.4
-4.717	0.4
-4.722	0.4
-4.727	0.4
-4.733	0.4
-4.738	0.4
-4.743	0.4
-4.748	0.4
-4.754	0.4
-4.759	0.4
-4.764	0.4
-4.770	0.4
-4.775	0.4
-4.780	0.3
-4.786	0.2
-4.791	0.2
-4.796	0.2
-4.802	0.2
-4.807	0.2
-4.812	0.1
-4.818	0.1
-4.823	0.1
-4.828	0.0
-4.833	0.0
-4.839	0.0
-4.844	0.0
-4.849	0.0
-4.855	0.0
-4.860	0.0
-4.865	0.0
-4.871	0.0
-4.876	0.0
-4.881	0.0
-4.887	0.0
-4.892	0.0
-4.897	0.0
-4.902	0.0
-4.908	0.0
-4.913	0.0
-4.918	0.0
-4.924	0.0
-4.929	0.0
-4.934	0.0
-4.940	0.0
-4.945	0.0
-4.950	0.0
-4.956	0.0
-4.961	0.0
-4.966	0.0
-4.971	0.0
-4.977	0.0
-4.982	0.0
-4.987	0.0
-4.993	0.0
-4.998	0.0
-5.003	0.0
-5.009	0.0
-5.014	0.0
-5.019	0.0
-5.025	0.0
-5.030	0.0
-5.035	0.0
-5.040	0.0
-5.046	0.0
-5.051	0.0
-5.056	0.0
-5.062	0.0
-5.067	0.0
-5.072	0.0
-5.078	0.0
-5.083	0.0
-5.088	0.0
-5.094	0.0
-5.099	0.0
-5.104	0.0
-5.109	0.0
-5.115	0.0
-5.120	0.0
-5.125	0.0
-5.131	0.0
-5.136	0.0
-5.141	0.0
-5.147	0.0
-5.152	0.0
-5.157	0.0
-5.162	0.0
-5.168	0.0
-5.173	0.0
-5.178	0.0
-5.184	0.0
-5.189	0.0
-5.194	0.0
-5.200	0.0
-5.205	0.0
-5.210	0.0
-5.216	0.0
-5.221	0.0
-5.226	0.0
-5.231	0.0
-5.237	0.0
-5.242	0.0
-5.247	0.0
-5.253	0.0
-5.258	0.0
-5.263	0.0
-5.269	0.0
-5.274	0.0
-5.279	0.0
-5.284	0.0
-5.290	0.0
-5.295	0.0
-5.300	0.0
-5.306	0.0
-5.311	0.0
-5.316	0.0
-5.322	0.0
-5.327	0.0
-5.332	0.0
-5.337	0.0
-5.343	0.0
-5.348	0.0
-5.353	0.0
-5.359	0.0
-5.364	0.0
-5.369	0.0
-5.375	0.0
-5.380	0.0
-5.385	0.0
-5.390	0.0
-5.396	0.0
-5.401	0.0
-5.406	0.0
-5.412	0.0
-5.417	0.0
-5.422	0.0
-5.428	0.0
-5.433	0.0
-5.438	0.0
-5.443	0.0
-5.449	0.0
-5.454	0.0
