&a / °	I1 / %
5.459	0.4
5.454	0.4
5.449	0.4
5.443	0.4
5.438	0.4
5.433	0.4
5.428	0.4
5.422	0.4
5.417	0.4
5.412	0.4
5.406	0.4
5.401	0.4
5.396	0.4
5.390	0.4
5.385	0.4
5.380	0.4
5.375	0.4
5.369	0.4
5.364	0.4
5.359	0.4
5.353	0.4
5.348	0.4
5.343	0.4
5.337	0.4
5.332	0.4
5.327	0.4
5.322	0.4
5.316	0.4
5.311	0.4
5.306	0.4
5.300	0.4
5.295	0.4
5.290	0.4
5.284	0.5
5.279	0.5
5.274	0.6
5.269	0.6
5.263	0.8
5.258	0.8
5.253	1.0
5.247	1.0
5.242	1.2
5.237	1.2
5.231	1.2
5.226	1.2
5.221	1.2
5.216	1.2
5.210	1.2
5.205	1.2
5.200	1.2
5.194	1.2
5.189	1.4
5.184	1.6
5.178	1.6
5.173	1.8
5.168	2.0
5.162	2.1
5.157	2.1
5.152	2.1
5.147	2.1
5.141	2.1
5.136	2.1
5.131	2.0
5.125	2.0
5.120	2.0
5.115	2.3
5.109	2.5
5.104	2.8
5.099	2.8
5.094	3.1
5.088	3.4
5.083	3.5
5.078	3.5
5.072	3.5
5.067	3.5
5.062	3.5
5.056	3.1
5.051	2.8
5.046	2.8
5.040	3.0
5.035	3.4
5.030	3.8
5.025	4.1
5.019	4.6
5.014	5.0
5.009	5.3
5.003	5.3
4.998	5.3
4.993	5.3
4.987	5.3
4.982	4.9
4.977	4.4
4.971	4.0
4.966	3.8
4.961	4.0
4.956	4.7
4.950	5.1
4.945	5.5
4.940	6.1
4.934	7.0
4.929	7.5
4.924	7.6
4.918	7.5
4.913	7.5
4.908	7.1
4.902	6.5
4.897	5.7
4.892	5.1
4.887	4.7
4.881	5.1
4.876	5.9
4.871	6.7
4.865	7.1
4.860	7.9
4.855	9.2
4.849	10.2
4.844	10.2
4.839	9.9
4.833	9.9
4.828	9.7
4.823	8.9
4.818	7.9
4.812	7.1
4.807	6.7
4.802	6.7
4.796	7.5
4.791	8.2
4.786	8.8
4.780	9.6
4.775	11.2
4.770	12.6
4.764	13.0
4.759	13.0
4.754	13.0
4.748	12.6
4.743	11.9
4.738	10.7
4.733	9.5
4.727	8.3
4.722	7.9
4.717	8.3
4.711	9.5
4.706	10.3
4.701	11.1
4.695	12.6
4.690	14.6
4.685	15.7
4.679	15.9
4.674	15.9
4.669	15.9
4.663	15.3
4.658	14.1
4.653	12.5
4.648	11.1
4.642	9.9
4.637	9.7
4.632	10.3
4.626	11.4
4.621	12.3
4.616	13.5
4.610	15.4
4.605	17.5
4.600	18.6
4.594	19.0
4.589	19.0
4.584	18.8
4.578	18.0
4.573	16.5
4.568	14.9
4.563	13.2
4.557	12.0
4.552	11.6
4.547	12.3
4.541	13.4
4.536	14.2
4.531	15.4
4.525	17.3
4.520	19.1
4.515	20.2
4.509	20.9
4.504	21.4
4.499	21.7
4.493	21.0
4.488	19.5
4.483	17.5
4.478	15.5
4.472	13.6
4.467	13.0
4.462	13.5
4.456	14.6
4.451	15.4
4.446	16.7
4.440	19.0
4.435	21.5
4.430	23.0
4.424	23.7
4.419	23.9
4.414	24.3
4.408	23.6
4.403	22.2
4.398	20.3
4.392	18.3
4.387	16.3
4.382	14.8
4.377	14.6
4.371	15.4
4.366	16.0
4.361	16.8
4.355	18.4
4.350	21.3
4.345	23.1
4.339	23.1
4.334	22.2
4.329	21.4
4.323	21.1
4.318	21.1
4.313	20.5
4.307	19.5
4.302	18.3
4.297	16.7
4.291	15.6
4.286	16.0
4.281	17.2
4.275	18.3
4.270	19.1
4.265	20.7
4.260	23.6
4.254	26.3
4.249	27.1
4.244	27.1
4.238	27.3
4.233	27.9
4.228	27.4
4.222	25.7
4.217	23.3
4.212	20.8
4.206	18.4
4.201	16.8
4.196	16.4
4.190	17.9
4.185	19.1
4.180	19.9
4.174	21.1
4.169	23.8
4.164	27.1
4.158	28.8
4.153	28.5
4.148	27.8
4.143	27.6
4.137	27.4
4.132	26.4
4.127	24.6
4.121	22.5
4.116	20.4
4.111	18.4
4.105	17.4
4.100	17.8
4.095	19.7
4.089	21.1
4.084	21.9
4.079	23.1
4.073	26.0
4.068	29.0
4.063	30.3
4.057	30.3
4.052	30.0
4.047	30.4
4.041	30.8
4.036	29.6
4.031	27.2
4.025	24.1
4.020	21.3
4.015	19.2
4.009	18.0
4.004	18.6
3.999	20.6
3.994	22.1
3.988	22.9
3.983	24.0
3.978	27.2
3.972	31.3
3.967	33.4
3.962	33.1
3.956	32.0
3.951	31.8
3.946	32.2
3.940	31.5
3.935	29.3
3.930	26.1
3.924	23.0
3.919	20.3
3.914	18.7
3.908	18.4
3.903	20.3
3.898	22.6
3.892	24.0
3.887	24.8
3.882	26.3
3.876	29.9
3.871	33.6
3.866	34.8
3.860	34.1
3.855	32.9
3.850	32.9
3.844	33.2
3.839	32.0
3.834	29.2
3.829	26.0
3.823	22.8
3.818	20.2
3.813	18.5
3.807	18.4
3.802	20.5
3.797	23.4
3.791	24.9
3.786	25.6
3.781	26.7
3.775	29.8
3.770	33.6
3.765	35.6
3.759	35.3
3.754	34.1
3.749	33.7
3.743	34.4
3.738	34.0
3.733	31.7
3.727	28.2
3.722	24.6
3.717	21.4
3.711	19.3
3.706	18.4
3.701	19.6
3.695	22.4
3.690	25.2
3.685	26.4
3.679	27.4
3.674	29.6
3.669	34.2
3.663	38.3
3.658	39.6
3.653	38.1
3.647	36.1
3.642	35.2
3.637	35.5
3.632	34.7
3.626	32.2
3.621	28.4
3.616	24.8
3.610	21.6
3.605	19.4
3.600	18.4
3.594	19.2
3.589	21.5
3.584	24.1
3.578	25.7
3.573	27.1
3.568	29.1
3.562	33.7
3.557	38.7
3.552	41.2
3.546	40.7
3.541	38.5
3.536	36.6
3.530	36.3
3.525	36.0
3.520	34.2
3.514	30.9
3.509	26.9
3.504	23.3
3.498	20.6
3.493	18.9
3.488	18.6
3.482	20.5
3.477	24.0
3.472	26.8
3.466	28.4
3.461	29.3
3.456	31.2
3.450	35.3
3.445	40.0
3.440	42.6
3.434	42.3
3.429	39.9
3.424	38.0
3.418	37.5
3.413	37.3
3.408	35.4
3.402	31.9
3.397	27.7
3.392	23.7
3.386	20.5
3.381	18.8
3.376	18.3
3.370	19.7
3.365	22.9
3.360	26.6
3.354	29.2
3.349	30.6
3.344	31.7
3.338	34.7
3.333	39.4
3.328	43.3
3.322	44.5
3.317	42.8
3.312	39.8
3.306	38.1
3.301	37.7
3.296	37.6
3.291	36.0
3.285	32.4
3.280	27.8
3.275	23.7
3.269	20.5
3.264	18.4
3.259	17.6
3.253	18.8
3.248	21.6
3.243	25.5
3.237	28.7
3.232	30.7
3.227	31.9
3.221	34.5
3.216	38.8
3.211	43.3
3.205	45.9
3.200	45.5
3.195	42.7
3.189	39.8
3.184	38.7
3.179	38.7
3.173	38.0
3.168	35.8
3.163	31.6
3.157	27.2
3.152	23.2
3.147	20.3
3.141	18.6
3.136	18.4
3.131	20.0
3.125	23.5
3.120	27.2
3.115	30.4
3.109	32.4
3.104	33.5
3.099	35.3
3.093	39.4
3.088	43.8
3.083	47.0
3.077	47.5
3.072	45.2
3.067	41.5
3.061	39.4
3.056	38.9
3.051	38.8
3.045	37.5
3.040	34.3
3.035	29.9
3.029	25.6
3.024	22.0
3.019	19.6
3.013	18.4
3.008	18.7
3.003	20.7
2.997	24.2
2.992	27.9
2.987	31.1
2.981	33.2
2.976	34.4
2.971	36.0
2.965	39.7
2.960	44.2
2.955	47.5
2.949	48.5
2.944	46.8
2.939	43.3
2.933	40.4
2.928	39.6
2.923	40.0
2.917	39.6
2.912	37.7
2.907	33.7
2.901	29.1
2.896	24.7
2.891	21.5
2.885	19.2
2.880	18.4
2.875	18.8
2.869	21.2
2.864	24.8
2.859	28.8
2.853	32.1
2.848	34.4
2.843	35.4
2.837	36.8
2.832	39.9
2.827	44.4
2.821	48.6
2.816	51.3
2.811	50.8
2.805	47.5
2.800	43.7
2.795	41.4
2.789	40.8
2.784	40.8
2.779	40.0
2.773	37.2
2.768	32.8
2.763	28.2
2.757	24.0
2.752	21.0
2.747	19.0
2.741	18.2
2.736	18.5
2.731	20.9
2.725	24.4
2.720	28.5
2.715	32.3
2.709	35.0
2.704	36.4
2.699	37.6
2.693	39.8
2.688	43.7
2.683	47.8
2.677	51.2
2.672	52.0
2.667	49.6
2.661	45.6
2.656	41.9
2.651	39.7
2.645	39.7
2.640	40.2
2.635	40.0
2.629	37.6
2.624	33.7
2.619	29.2
2.613	25.2
2.608	22.0
2.602	20.0
2.597	18.9
2.592	19.1
2.586	20.6
2.581	22.9
2.576	25.2
2.570	27.2
2.565	29.1
2.560	31.1
2.554	32.7
2.549	34.4
2.544	37.3
2.538	42.0
2.533	46.8
2.528	51.0
2.522	52.9
2.517	52.1
2.512	48.9
2.506	45.3
2.501	42.8
2.496	42.1
2.490	42.1
2.485	41.9
2.480	40.3
2.474	37.1
2.469	32.7
2.464	28.3
2.458	24.3
2.453	21.2
2.448	19.2
2.442	18.4
2.437	18.8
2.432	20.5
2.426	23.4
2.421	27.1
2.416	30.7
2.410	34.1
2.405	36.9
2.400	38.5
2.394	39.3
2.389	40.7
2.384	43.4
2.378	47.0
2.373	50.6
2.368	53.5
2.362	54.7
2.357	53.5
2.352	50.3
2.346	46.7
2.341	44.0
2.336	42.9
2.330	42.8
2.325	42.8
2.320	41.6
2.314	39.1
2.309	35.1
2.304	30.8
2.298	26.6
2.293	23.1
2.288	20.5
2.282	18.9
2.277	18.2
2.272	18.7
2.266	20.3
2.261	23.2
2.256	26.5
2.250	30.1
2.245	33.5
2.240	36.6
2.234	38.6
2.229	39.7
2.223	40.4
2.218	42.0
2.213	44.9
2.207	48.4
2.202	52.0
2.197	54.8
2.191	55.8
2.186	54.9
2.181	52.0
2.175	48.4
2.170	45.2
2.165	43.6
2.159	43.1
2.154	43.1
2.149	42.7
2.143	41.3
2.138	38.6
2.133	35.0
2.127	30.9
2.122	27.0
2.117	23.7
2.111	21.1
2.106	19.5
2.101	18.8
2.095	18.8
2.090	20.0
2.085	22.2
2.079	25.1
2.074	28.5
2.069	32.0
2.063	35.2
2.058	37.9
2.053	39.9
2.047	41.1
2.042	41.9
2.037	43.1
2.031	45.4
2.026	48.5
2.021	51.4
2.015	54.1
2.010	56.0
2.005	56.4
1.999	54.8
1.994	51.9
1.989	48.4
1.983	45.6
1.978	44.0
1.972	43.7
1.967	43.7
1.962	43.7
1.956	42.6
1.951	40.7
1.946	38.0
1.940	34.6
1.935	30.8
1.930	27.1
1.924	23.9
1.919	21.5
1.914	19.9
1.908	19.1
1.903	18.9
1.898	19.8
1.892	21.5
1.887	24.3
1.882	27.4
1.876	30.6
1.871	33.3
1.866	35.7
1.860	37.5
1.855	39.2
1.850	40.5
1.844	41.6
1.839	42.5
1.834	44.3
1.828	47.0
1.823	50.1
1.818	53.1
1.812	55.9
1.807	57.8
1.802	58.4
1.796	57.5
1.791	55.1
1.786	51.9
1.780	48.7
1.775	46.3
1.769	45.1
1.764	44.6
1.759	44.7
1.753	44.8
1.748	44.4
1.743	43.2
1.737	41.1
1.732	38.1
1.727	34.4
1.721	30.6
1.716	27.1
1.711	24.1
1.705	22.0
1.700	20.2
1.695	19.3
1.689	19.2
1.684	19.7
1.679	20.9
1.673	23.0
1.668	25.7
1.663	28.7
1.657	31.6
1.652	34.5
1.647	37.2
1.641	39.8
1.636	41.8
1.631	43.3
1.625	43.9
1.620	44.2
1.615	44.4
1.609	45.1
1.604	46.8
1.599	49.1
1.593	51.6
1.588	54.2
1.582	56.9
1.577	59.4
1.572	60.5
1.566	60.1
1.561	58.3
1.556	55.4
1.550	52.0
1.545	49.0
1.540	46.9
1.534	45.9
1.529	45.5
1.524	45.5
1.518	45.5
1.513	45.1
1.508	44.2
1.502	42.9
1.497	40.6
1.492	37.7
1.486	34.3
1.481	31.0
1.476	27.8
1.470	25.2
1.465	23.1
1.460	21.5
1.454	20.4
1.449	19.9
1.444	19.6
1.438	20.0
1.433	20.8
1.428	22.3
1.422	24.2
1.417	26.6
1.411	28.9
1.406	31.5
1.401	34.0
1.395	36.4
1.390	38.5
1.385	40.6
1.379	42.2
1.374	43.6
1.369	44.4
1.363	44.5
1.358	44.4
1.353	44.8
1.347	45.8
1.342	47.7
1.337	50.1
1.331	52.9
1.326	55.4
1.321	57.8
1.315	59.8
1.310	61.3
1.305	62.2
1.299	62.3
1.294	61.1
1.289	58.8
1.283	55.8
1.278	52.6
1.273	49.6
1.267	47.5
1.262	46.2
1.256	45.8
1.251	45.9
1.246	46.3
1.240	46.5
1.235	46.6
1.230	46.2
1.224	45.5
1.219	44.2
1.214	42.4
1.208	39.9
1.203	37.1
1.198	33.9
1.192	31.0
1.187	28.2
1.182	25.9
1.176	23.9
1.171	22.4
1.166	21.2
1.160	20.4
1.155	20.0
1.150	20.0
1.144	20.0
1.139	20.4
1.134	20.9
1.128	22.0
1.123	23.3
1.118	24.9
1.112	26.9
1.107	29.1
1.101	31.3
1.096	33.6
1.091	35.6
1.085	37.8
1.080	39.6
1.075	41.2
1.069	42.5
1.064	43.9
1.059	44.9
1.053	45.8
1.048	46.1
1.043	46.0
1.037	45.6
1.032	45.4
1.027	45.7
1.021	46.5
1.016	47.8
1.011	49.7
1.005	52.0
1.000	54.4
0.995	56.4
0.989	58.7
0.984	60.6
0.979	62.4
0.973	63.6
0.968	64.4
0.962	64.3
0.957	63.4
0.952	61.8
0.946	59.8
0.941	57.5
0.936	54.8
0.930	52.0
0.925	49.5
0.920	47.7
0.914	46.6
0.909	46.0
0.904	46.2
0.898	46.6
0.893	47.3
0.888	47.8
0.882	48.1
0.877	48.1
0.872	47.7
0.866	47.3
0.861	47.0
0.856	46.4
0.850	45.2
0.845	43.5
0.840	41.9
0.834	39.9
0.829	38.1
0.823	36.1
0.818	34.0
0.813	31.8
0.807	29.8
0.802	27.9
0.797	26.3
0.791	24.8
0.786	23.6
0.781	22.4
0.775	21.6
0.770	21.0
0.765	20.7
0.759	20.5
0.754	20.4
0.749	20.3
0.743	20.4
0.738	20.4
0.733	20.5
0.727	20.8
0.722	21.3
0.717	22.0
0.711	22.9
0.706	23.7
0.701	24.9
0.695	26.1
0.690	27.4
0.684	28.7
0.679	30.1
0.674	31.6
0.668	33.2
0.663	34.6
0.658	36.2
0.652	37.8
0.647	39.5
0.642	41.0
0.636	42.3
0.631	43.4
0.626	44.4
0.620	45.2
0.615	45.9
0.610	46.5
0.604	46.9
0.599	47.2
0.594	47.5
0.588	47.3
0.583	47.0
0.578	46.5
0.572	46.1
0.567	45.7
0.561	45.6
0.556	45.4
0.551	45.5
0.545	45.8
0.540	46.3
0.535	46.9
0.529	47.7
0.524	48.7
0.519	49.9
0.513	51.1
0.508	52.6
0.503	54.0
0.497	55.6
0.492	56.9
0.487	58.4
0.481	60.0
0.476	61.6
0.471	63.1
0.465	64.5
0.460	65.4
0.455	66.2
0.449	66.3
0.444	66.3
0.438	66.3
0.433	66.7
0.428	66.9
0.422	66.6
0.417	65.3
0.412	63.3
0.406	61.3
0.401	60.1
0.396	59.5
0.390	59.4
0.385	59.4
0.380	59.4
0.374	58.9
0.369	58.2
0.364	57.1
0.358	56.0
0.353	54.8
0.348	53.6
0.342	52.3
0.337	51.3
0.332	50.4
0.326	49.6
0.321	48.6
0.316	47.7
0.310	46.8
0.305	46.1
0.299	45.3
0.294	45.0
0.289	44.9
0.283	45.2
0.278	45.3
0.273	45.8
0.267	46.3
0.262	46.8
0.257	47.1
0.251	47.6
0.246	47.9
0.241	48.2
0.235	48.5
0.230	48.9
0.225	49.2
0.219	49.4
0.214	49.4
0.209	49.5
0.203	49.6
0.198	49.7
0.193	49.7
0.187	49.9
0.182	50.0
0.176	50.2
0.171	50.3
0.166	50.6
0.160	50.5
0.155	50.5
0.150	50.3
0.144	50.1
0.139	49.8
0.134	49.7
0.128	49.6
0.123	49.6
0.118	49.6
0.112	49.8
0.107	49.8
0.102	50.0
0.096	50.0
0.091	50.0
0.086	49.6
0.080	49.6
0.075	49.6
0.070	49.7
0.064	49.6
0.059	49.6
0.053	49.2
0.048	48.9
0.043	48.6
0.037	48.6
0.032	48.7
0.027	49.1
0.021	49.3
0.016	49.6
0.011	49.6
0.005	49.5
0.000	49.2
-0.005	48.8
-0.011	48.1
-0.016	47.3
-0.021	46.5
-0.027	46.1
-0.032	46.1
-0.037	46.5
-0.043	46.9
-0.048	47.4
-0.053	47.6
-0.059	47.8
-0.064	47.8
-0.070	47.9
-0.075	48.0
-0.080	48.1
-0.086	48.1
-0.091	48.1
-0.096	48.1
-0.102	48.1
-0.107	48.1
-0.112	48.2
-0.118	48.3
-0.123	48.6
-0.128	48.7
-0.134	48.9
-0.139	49.1
-0.144	49.4
-0.150	49.7
-0.155	50.0
-0.160	50.1
-0.166	50.5
-0.171	50.6
-0.176	50.6
-0.182	50.4
-0.187	50.4
-0.193	50.1
-0.198	49.7
-0.203	49.3
-0.209	49.1
-0.214	48.8
-0.219	48.4
-0.225	48.1
-0.230	48.0
-0.235	47.7
-0.241	47.5
-0.246	47.2
-0.251	47.0
-0.257	46.8
-0.262	46.7
-0.267	46.3
-0.273	46.0
-0.278	45.6
-0.283	45.5
-0.289	45.2
-0.294	45.2
-0.299	45.2
-0.305	45.6
-0.310	45.9
-0.316	46.1
-0.321	46.1
-0.326	46.0
-0.332	45.6
-0.337	45.5
-0.342	45.2
-0.348	45.0
-0.353	44.8
-0.358	44.8
-0.364	44.9
-0.369	45.1
-0.374	45.4
-0.380	46.1
-0.385	46.8
-0.390	47.7
-0.396	48.5
-0.401	49.4
-0.406	50.2
-0.412	51.3
-0.417	52.4
-0.422	53.5
-0.428	54.6
-0.433	55.7
-0.438	56.8
-0.444	57.9
-0.449	58.8
-0.455	59.8
-0.460	60.8
-0.465	61.9
-0.471	62.9
-0.476	63.9
-0.481	64.8
-0.487	65.5
-0.492	66.0
-0.497	66.4
-0.503	66.6
-0.508	66.8
-0.513	66.7
-0.519	66.4
-0.524	65.9
-0.529	65.1
-0.535	64.2
-0.540	63.1
-0.545	61.8
-0.551	60.4
-0.556	58.7
-0.561	57.1
-0.567	55.1
-0.572	53.4
-0.578	51.7
-0.583	50.1
-0.588	48.5
-0.594	47.4
-0.599	46.2
-0.604	45.1
-0.610	44.4
-0.615	43.9
-0.620	43.5
-0.626	43.2
-0.631	42.8
-0.636	42.7
-0.642	42.6
-0.647	42.8
-0.652	43.0
-0.658	43.4
-0.663	43.8
-0.668	44.3
-0.674	44.4
-0.679	44.5
-0.684	44.3
-0.690	44.1
-0.695	43.6
-0.701	42.9
-0.706	41.9
-0.711	40.7
-0.717	39.2
-0.722	37.7
-0.727	35.9
-0.733	34.2
-0.738	32.6
-0.743	31.0
-0.749	29.3
-0.754	27.7
-0.759	26.1
-0.765	24.9
-0.770	23.7
-0.775	22.7
-0.781	21.9
-0.786	21.2
-0.791	20.4
-0.797	20.0
-0.802	19.7
-0.807	19.7
-0.813	19.7
-0.818	20.0
-0.823	20.3
-0.829	20.7
-0.834	21.2
-0.840	22.0
-0.845	22.8
-0.850	23.6
-0.856	24.7
-0.861	25.9
-0.866	27.2
-0.872	28.8
-0.877	30.3
-0.882	31.9
-0.888	33.5
-0.893	35.4
-0.898	37.3
-0.904	39.3
-0.909	41.2
-0.914	43.1
-0.920	44.8
-0.925	46.4
-0.930	47.5
-0.936	48.3
-0.941	48.6
-0.946	48.5
-0.952	48.0
-0.957	47.3
-0.962	46.5
-0.968	45.8
-0.973	45.4
-0.979	45.4
-0.984	45.9
-0.989	46.8
-0.995	48.0
-1.000	49.4
-1.005	51.2
-1.011	53.5
-1.016	55.6
-1.021	58.0
-1.027	60.2
-1.032	62.1
-1.037	63.2
-1.043	63.7
-1.048	63.2
-1.053	61.8
-1.059	59.4
-1.064	56.3
-1.069	52.8
-1.075	49.4
-1.080	46.3
-1.085	44.0
-1.091	42.2
-1.096	41.2
-1.101	40.6
-1.107	40.5
-1.112	40.5
-1.118	41.0
-1.123	41.4
-1.128	41.9
-1.134	42.1
-1.139	42.0
-1.144	41.2
-1.150	39.6
-1.155	37.3
-1.160	34.6
-1.166	31.6
-1.171	28.9
-1.176	26.2
-1.182	24.0
-1.187	22.2
-1.192	21.0
-1.198	20.0
-1.203	19.4
-1.208	19.1
-1.214	19.1
-1.219	19.5
-1.224	20.1
-1.230	20.7
-1.235	21.8
-1.240	23.0
-1.246	24.6
-1.251	26.3
-1.256	28.5
-1.262	30.9
-1.267	33.6
-1.273	36.3
-1.278	39.2
-1.283	41.8
-1.289	44.3
-1.294	46.0
-1.299	47.1
-1.305	47.2
-1.310	46.4
-1.315	45.2
-1.321	44.0
-1.326	43.1
-1.331	43.0
-1.337	43.6
-1.342	45.2
-1.347	47.4
-1.353	50.2
-1.358	53.0
-1.363	55.9
-1.369	58.4
-1.374	60.0
-1.379	60.0
-1.385	58.5
-1.390	55.5
-1.395	51.8
-1.401	47.8
-1.406	44.5
-1.411	41.7
-1.417	40.1
-1.422	39.3
-1.428	39.3
-1.433	39.8
-1.438	40.6
-1.444	41.3
-1.449	41.6
-1.454	40.8
-1.460	38.9
-1.465	36.1
-1.470	32.9
-1.476	29.5
-1.481	26.7
-1.486	24.3
-1.492	22.6
-1.497	21.4
-1.502	20.7
-1.508	20.4
-1.513	20.7
-1.518	21.1
-1.524	21.9
-1.529	23.0
-1.534	24.6
-1.540	26.6
-1.545	29.0
-1.550	31.7
-1.556	34.7
-1.561	37.9
-1.566	41.0
-1.572	43.6
-1.577	45.5
-1.582	46.0
-1.588	45.5
-1.593	44.4
-1.599	43.2
-1.604	42.5
-1.609	42.9
-1.615	44.2
-1.620	46.7
-1.625	49.8
-1.631	53.3
-1.636	56.4
-1.641	58.5
-1.647	58.1
-1.652	55.8
-1.657	51.8
-1.663	47.5
-1.668	43.6
-1.673	40.5
-1.679	38.5
-1.684	37.7
-1.689	37.7
-1.695	38.4
-1.700	38.9
-1.705	39.0
-1.711	37.8
-1.716	35.3
-1.721	31.7
-1.727	28.1
-1.732	25.1
-1.737	22.9
-1.743	21.3
-1.748	20.5
-1.753	20.0
-1.759	20.2
-1.764	20.7
-1.769	21.7
-1.775	23.1
-1.780	25.0
-1.786	27.4
-1.791	30.5
-1.796	33.9
-1.802	37.5
-1.807	40.7
-1.812	43.2
-1.818	44.1
-1.823	43.7
-1.828	42.5
-1.834	41.9
-1.839	42.1
-1.844	43.5
-1.850	46.0
-1.855	49.3
-1.860	52.7
-1.866	55.5
-1.871	56.3
-1.876	54.8
-1.882	50.9
-1.887	46.5
-1.892	42.5
-1.898	39.8
-1.903	38.3
-1.908	37.9
-1.914	38.3
-1.919	38.7
-1.924	38.2
-1.930	36.6
-1.935	33.4
-1.940	29.8
-1.946	26.2
-1.951	23.6
-1.956	21.6
-1.962	20.5
-1.967	20.0
-1.972	20.3
-1.978	20.7
-1.983	21.9
-1.989	23.6
-1.994	26.0
-1.999	28.9
-2.005	32.3
-2.010	35.6
-2.015	38.8
-2.021	40.4
-2.026	40.4
-2.031	38.8
-2.037	37.6
-2.042	37.6
-2.047	39.1
-2.053	41.7
-2.058	45.5
-2.063	49.3
-2.069	52.4
-2.074	53.2
-2.079	51.3
-2.085	46.9
-2.090	42.5
-2.095	39.0
-2.101	37.1
-2.106	36.4
-2.111	36.5
-2.117	36.7
-2.122	36.3
-2.127	34.3
-2.133	31.1
-2.138	27.3
-2.143	24.1
-2.149	21.6
-2.154	20.0
-2.159	19.2
-2.165	19.2
-2.170	19.8
-2.175	21.1
-2.181	23.0
-2.186	25.8
-2.191	28.9
-2.197	32.7
-2.202	36.4
-2.207	39.6
-2.213	40.8
-2.218	40.4
-2.223	39.4
-2.229	39.1
-2.234	39.9
-2.240	41.8
-2.245	44.3
-2.250	47.2
-2.256	48.8
-2.261	48.1
-2.266	45.0
-2.272	40.9
-2.277	37.1
-2.282	34.8
-2.288	33.6
-2.293	33.6
-2.298	33.7
-2.304	33.0
-2.309	30.8
-2.314	27.4
-2.320	23.7
-2.325	20.9
-2.330	19.2
-2.336	18.3
-2.341	18.3
-2.346	19.0
-2.352	20.2
-2.357	22.2
-2.362	24.8
-2.368	28.2
-2.373	32.0
-2.378	35.7
-2.384	38.0
-2.389	38.4
-2.394	37.5
-2.400	37.3
-2.405	38.1
-2.410	40.2
-2.416	43.0
-2.421	46.0
-2.426	47.0
-2.432	45.1
-2.437	40.9
-2.442	36.7
-2.448	33.9
-2.453	32.4
-2.458	32.3
-2.464	32.5
-2.469	31.9
-2.474	29.8
-2.480	26.4
-2.485	23.0
-2.490	20.4
-2.496	18.8
-2.501	18.3
-2.506	18.6
-2.512	19.6
-2.517	21.4
-2.522	23.8
-2.528	27.0
-2.533	30.6
-2.538	34.1
-2.544	36.6
-2.549	37.0
-2.554	36.6
-2.560	36.6
-2.565	37.7
-2.570	40.0
-2.576	42.8
-2.581	45.3
-2.586	45.3
-2.592	42.4
-2.597	38.1
-2.602	34.5
-2.608	32.5
-2.613	31.7
-2.619	31.3
-2.624	30.9
-2.629	28.9
-2.635	25.7
-2.640	22.5
-2.645	20.1
-2.651	18.8
-2.656	18.4
-2.661	19.1
-2.667	20.5
-2.672	22.5
-2.677	25.3
-2.683	28.4
-2.688	31.9
-2.693	34.7
-2.699	36.0
-2.704	35.5
-2.709	35.2
-2.715	35.9
-2.720	37.9
-2.725	40.5
-2.731	42.8
-2.736	44.0
-2.741	40.3
-2.747	35.7
-2.752	32.5
-2.757	30.7
-2.763	30.3
-2.768	30.0
-2.773	28.8
-2.779	26.1
-2.784	22.8
-2.789	20.0
-2.795	18.4
-2.800	17.8
-2.805	18.2
-2.811	19.4
-2.816	21.5
-2.821	24.1
-2.827	27.5
-2.832	30.9
-2.837	33.7
-2.843	34.6
-2.848	34.2
-2.853	34.1
-2.859	35.2
-2.864	37.1
-2.869	39.6
-2.875	40.6
-2.880	38.8
-2.885	34.9
-2.891	31.4
-2.896	29.3
-2.901	28.5
-2.907	28.4
-2.912	27.7
-2.917	25.3
-2.923	22.3
-2.928	19.8
-2.933	18.4
-2.939	18.0
-2.944	18.7
-2.949	20.1
-2.955	22.3
-2.960	25.1
-2.965	28.5
-2.971	31.8
-2.976	33.8
-2.981	33.9
-2.987	33.6
-2.992	33.9
-2.997	35.5
-3.003	37.8
-3.008	39.4
-3.013	38.2
-3.019	34.8
-3.024	31.4
-3.029	29.4
-3.035	28.5
-3.040	28.2
-3.045	27.0
-3.051	24.5
-3.056	21.3
-3.061	19.2
-3.067	18.0
-3.072	17.9
-3.077	18.8
-3.083	20.7
-3.088	23.0
-3.093	26.1
-3.099	29.2
-3.104	31.6
-3.109	32.0
-3.115	31.7
-3.120	32.0
-3.125	33.5
-3.131	35.6
-3.136	37.3
-3.141	36.6
-3.147	33.4
-3.152	30.0
-3.157	27.8
-3.163	26.8
-3.168	26.4
-3.173	25.1
-3.179	22.7
-3.184	20.0
-3.189	18.3
-3.195	17.6
-3.200	18.0
-3.205	19.2
-3.211	21.3
-3.216	23.9
-3.221	27.1
-3.227	29.8
-3.232	31.3
-3.237	31.3
-3.243	31.4
-3.248	32.2
-3.253	33.9
-3.259	35.2
-3.264	34.9
-3.269	32.1
-3.275	28.9
-3.280	26.8
-3.285	25.7
-3.291	25.2
-3.296	24.1
-3.301	21.7
-3.306	19.5
-3.312	18.0
-3.317	17.6
-3.322	18.1
-3.328	19.5
-3.333	21.5
-3.338	24.1
-3.344	26.8
-3.349	28.9
-3.354	29.6
-3.360	29.6
-3.365	30.0
-3.370	31.2
-3.376	32.5
-3.381	32.7
-3.386	30.6
-3.392	27.7
-3.397	25.3
-3.402	24.3
-3.408	23.8
-3.413	22.8
-3.418	20.5
-3.424	18.4
-3.429	17.2
-3.434	17.2
-3.440	17.9
-3.445	19.5
-3.450	21.6
-3.456	24.3
-3.461	26.8
-3.466	28.5
-3.472	28.8
-3.477	28.8
-3.482	29.2
-3.488	30.1
-3.493	30.9
-3.498	30.1
-3.504	27.4
-3.509	24.9
-3.514	23.3
-3.520	22.5
-3.525	21.7
-3.530	20.0
-3.536	18.0
-3.541	16.9
-3.546	16.8
-3.552	17.5
-3.557	19.0
-3.562	21.0
-3.568	23.2
-3.573	25.6
-3.578	26.9
-3.584	27.1
-3.589	26.6
-3.594	26.8
-3.600	27.6
-3.605	28.3
-3.610	27.4
-3.616	25.1
-3.621	22.9
-3.626	21.7
-3.632	20.9
-3.637	20.1
-3.642	18.5
-3.647	17.0
-3.653	16.2
-3.658	16.5
-3.663	17.4
-3.669	19.1
-3.674	21.1
-3.679	23.5
-3.685	25.4
-3.690	26.3
-3.695	26.3
-3.701	26.4
-3.706	26.8
-3.711	27.3
-3.717	26.5
-3.722	24.3
-3.727	21.8
-3.733	20.2
-3.738	19.3
-3.743	18.6
-3.749	17.2
-3.754	15.9
-3.759	15.3
-3.765	15.7
-3.770	16.9
-3.775	18.7
-3.781	20.8
-3.786	23.1
-3.791	24.5
-3.797	24.8
-3.802	24.7
-3.807	24.8
-3.813	25.2
-3.818	25.4
-3.823	23.9
-3.829	21.5
-3.834	19.4
-3.839	18.1
-3.844	17.2
-3.850	16.1
-3.855	14.9
-3.860	14.4
-3.866	14.5
-3.871	15.4
-3.876	16.8
-3.882	18.6
-3.887	20.6
-3.892	22.5
-3.898	23.3
-3.903	23.3
-3.908	23.1
-3.914	23.3
-3.919	23.0
-3.924	21.8
-3.930	19.8
-3.935	17.8
-3.940	16.5
-3.946	15.5
-3.951	14.3
-3.956	13.1
-3.962	12.6
-3.967	13.0
-3.972	13.8
-3.978	15.1
-3.983	16.7
-3.988	18.7
-3.994	20.3
-3.999	21.2
-4.004	21.3
-4.009	21.3
-4.015	21.3
-4.020	20.6
-4.025	19.0
-4.031	17.1
-4.036	15.4
-4.041	14.2
-4.047	13.0
-4.052	11.9
-4.057	11.1
-4.063	11.2
-4.068	11.9
-4.073	13.1
-4.079	14.4
-4.084	16.0
-4.089	17.3
-4.095	18.1
-4.100	18.2
-4.105	18.2
-4.111	18.2
-4.116	17.9
-4.121	16.9
-4.127	15.5
-4.132	14.0
-4.137	12.8
-4.143	11.6
-4.148	10.5
-4.153	9.7
-4.158	9.6
-4.164	10.1
-4.169	11.2
-4.174	12.5
-4.180	13.7
-4.185	14.7
-4.190	15.6
-4.196	16.2
-4.201	16.7
-4.206	16.4
-4.212	15.5
-4.217	14.3
-4.222	13.1
-4.228	12.1
-4.233	10.9
-4.238	9.7
-4.244	8.5
-4.249	7.7
-4.254	7.8
-4.260	8.5
-4.265	9.7
-4.270	10.8
-4.275	11.4
-4.281	11.9
-4.286	12.7
-4.291	13.5
-4.297	13.9
-4.302	13.2
-4.307	12.2
-4.313	11.3
-4.318	10.5
-4.323	9.5
-4.329	8.4
-4.334	7.3
-4.339	6.4
-4.345	6.1
-4.350	6.2
-4.355	6.6
-4.361	7.4
-4.366	8.1
-4.371	8.9
-4.377	9.5
-4.382	10.3
-4.387	10.7
-4.392	10.4
-4.398	9.5
-4.403	8.8
-4.408	8.1
-4.414	7.3
-4.419	6.5
-4.424	5.7
-4.430	5.2
-4.435	5.0
-4.440	5.2
-4.446	5.7
-4.451	6.5
-4.456	6.9
-4.462	6.9
-4.467	7.2
-4.472	7.6
-4.478	7.9
-4.483	7.5
-4.488	6.9
-4.493	6.3
-4.499	5.9
-4.504	5.6
-4.509	4.9
-4.515	4.1
-4.520	3.7
-4.525	3.7
-4.531	4.0
-4.536	4.4
-4.541	4.8
-4.547	4.9
-4.552	4.9
-4.557	5.1
-4.563	5.3
-4.568	5.3
-4.573	5.0
-4.578	4.6
-4.584	4.5
-4.589	4.1
-4.594	3.7
-4.600	3.3
-4.605	2.9
-4.610	2.8
-4.616	2.8
-4.621	2.9
-4.626	3.2
-4.632	3.2
-4.637	3.3
-4.642	3.3
-4.648	3.3
-4.653	3.3
-4.658	3.3
-4.663	3.0
-4.669	2.9
-4.674	2.6
-4.679	2.5
-4.685	2.2
-4.690	2.1
-4.695	2.0
-4.701	2.0
-4.706	2.0
-4.711	2.0
-4.717	2.0
-4.722	2.0
-4.727	2.0
-4.733	2.0
-4.738	2.0
-4.743	2.0
-4.748	1.9
-4.754	1.9
-4.759	1.6
-4.764	1.6
-4.770	1.6
-4.775	1.6
-4.780	1.4
-4.786	1.3
-4.791	1.2
-4.796	1.2
-4.802	1.2
-4.807	1.2
-4.812	1.0
-4.818	1.0
-4.823	0.8
-4.828	0.8
-4.833	0.8
-4.839	0.8
-4.844	0.8
-4.849	0.8
-4.855	0.8
-4.860	0.8
-4.865	0.8
-4.871	0.8
-4.876	0.8
-4.881	0.8
-4.887	0.8
-4.892	0.8
-4.897	0.8
-4.902	0.8
-4.908	0.8
-4.913	0.8
-4.918	0.8
-4.924	0.8
-4.929	0.8
-4.934	0.8
-4.940	0.8
-4.945	0.8
-4.950	0.8
-4.956	0.8
-4.961	0.8
-4.966	0.8
-4.971	0.8
-4.977	0.8
-4.982	0.8
-4.987	0.8
-4.993	0.8
-4.998	0.8
-5.003	0.8
-5.009	0.8
-5.014	0.8
-5.019	0.8
-5.025	0.8
-5.030	0.8
-5.035	0.7
-5.040	0.7
-5.046	0.7
-5.051	0.7
-5.056	0.6
-5.062	0.6
-5.067	0.5
-5.072	0.5
-5.078	0.5
-5.083	0.5
-5.088	0.5
-5.094	0.5
-5.099	0.4
-5.104	0.4
-5.109	0.4
-5.115	0.4
-5.120	0.4
-5.125	0.4
-5.131	0.4
-5.136	0.4
-5.141	0.4
-5.147	0.4
-5.152	0.4
-5.157	0.4
-5.162	0.4
-5.168	0.4
-5.173	0.4
-5.178	0.4
-5.184	0.4
-5.189	0.4
-5.194	0.4
-5.200	0.4
-5.205	0.4
-5.210	0.4
-5.216	0.4
-5.221	0.4
-5.226	0.4
-5.231	0.4
-5.237	0.4
-5.242	0.4
-5.247	0.4
-5.253	0.4
-5.258	0.4
-5.263	0.4
-5.269	0.4
-5.274	0.4
-5.279	0.4
-5.284	0.4
-5.290	0.4
-5.295	0.4
-5.300	0.4
-5.306	0.4
-5.311	0.4
-5.316	0.4
-5.322	0.4
-5.327	0.4
-5.332	0.4
-5.337	0.4
-5.343	0.4
-5.348	0.4
-5.353	0.4
-5.359	0.4
-5.364	0.4
-5.369	0.4
-5.375	0.4
-5.380	0.4
-5.385	0.4
-5.390	0.4
-5.396	0.4
-5.401	0.4
-5.406	0.4
-5.412	0.4
-5.417	0.4
-5.422	0.4
-5.428	0.4
-5.433	0.4
-5.438	0.4
-5.443	0.4
-5.449	0.4
-5.454	0.4
