# &a / ° I1 / % 
# grün1 Rot1 Rot2 Türkis violett violettx2
0 2.736 15.4 19 14.5 14.2 14.9 15.4
1 2.733 15.4 19 14.5 14.2 15 15.4
2 2.731 15.4 19 14.4 14.1 14.9 15.4
3 2.728 15.3 18.9 14.4 14.1 14.9 15.4
4 2.725 15.3 18.9 14.4 14.1 14.9 15.4
5 2.723 15.3 18.9 14.5 14.1 14.9 15.4
6 2.72 15.3 18.9 14.4 14.1 14.9 15.4
7 2.717 15.3 18.9 14.4 14.1 14.9 15.3
8 2.715 15.3 18.9 14.4 14.1 14.9 15.3
9 2.712 15.3 18.9 14.5 14.1 14.9 15.3
10 2.709 15.3 18.9 14.5 14.1 14.9 15.3
11 2.707 15.3 18.9 14.5 14.1 14.9 15.3
12 2.704 15.3 18.9 14.4 14.1 14.9 15.3
13 2.701 15.3 18.9 14.5 14.1 14.9 15.3
14 2.699 15.3 18.9 14.4 14.1 14.8 15.3
15 2.696 15.3 18.9 14.4 14.1 14.8 15.3
16 2.693 15.3 18.9 14.5 14.1 14.8 15.3
17 2.691 15.3 18.9 14.4 14.1 14.8 15.3
18 2.688 15.3 18.9 14.4 14.1 14.8 15.3
19 2.685 15.3 18.9 14.4 14.1 14.8 15.3
20 2.683 15.3 18.9 14.5 14.1 14.8 15.3
21 2.68 15.3 18.9 14.5 14.1 14.8 15.3
22 2.677 15.3 18.9 14.5 14.1 14.8 15.3
23 2.675 15.3 18.9 14.5 14.1 14.9 15.3
24 2.672 15.3 18.9 14.4 14.1 14.8 15.3
25 2.669 15.3 18.9 14.4 14.1 14.8 15.3
26 2.667 15.3 18.9 14.5 14.1 14.9 15.3
27 2.664 15.3 18.9 14.4 14 14.9 15.3
28 2.661 15.3 18.9 14.4 14 14.8 15.3
29 2.659 15.3 18.9 14.4 14 14.8 15.3
30 2.656 15.3 18.9 14.4 14.1 14.8 15.3
31 2.653 15.3 18.8 14.4 14 14.8 15.3
32 2.651 15.3 18.8 14.4 14 14.8 15.3
33 2.648 15.3 18.8 14.4 14 14.8 15.3
34 2.645 15.3 18.8 14.4 14 14.8 15.3
35 2.643 15.3 18.8 14.4 14 14.8 15.3
36 2.64 15.3 18.8 14.4 14 14.8 15.3
37 2.637 15.3 18.8 14.5 14 14.8 15.3
38 2.635 15.3 18.8 14.4 14 14.8 15.3
39 2.632 15.3 18.8 14.4 14 14.8 15.3
40 2.629 15.3 18.8 14.4 14 14.8 15.3
41 2.627 15.3 18.8 14.4 14 14.8 15.3
42 2.624 15.3 18.8 14.4 14 14.8 15.3
43 2.621 15.3 18.8 14.4 14 14.8 15.2
44 2.619 15.3 18.8 14.4 14 14.8 15.2
45 2.616 15.3 18.8 14.5 14 14.8 15.2
46 2.613 15.3 18.8 14.4 14 14.8 15.2
47 2.61 15.3 18.8 14.4 14 14.8 15.2
48 2.608 15.3 18.8 14.4 14 14.8 15.2
49 2.605 15.3 18.8 14.5 14 14.8 15.2
50 2.602 15.3 18.8 14.4 14 14.8 15.2
51 2.6 15.3 18.8 14.4 14 14.8 15.2
52 2.597 15.3 18.8 14.4 14 14.8 15.2
53 2.594 15.3 18.8 14.4 14 14.8 15.3
54 2.592 15.3 18.8 14.4 14 14.8 15.2
55 2.589 15.3 18.8 14.4 14 14.8 15.2
56 2.586 15.3 18.8 14.4 14 14.8 15.3
57 2.584 15.3 18.8 14.4 14 14.8 15.2
58 2.581 15.3 18.8 14.4 14 14.8 15.3
59 2.578 15.3 18.8 14.4 14 14.9 15.3
60 2.576 15.3 18.8 14.4 14 14.8 15.3
61 2.573 15.3 18.8 14.4 14 14.8 15.2
62 2.57 15.3 18.8 14.4 14 14.8 15.2
63 2.568 15.3 18.8 14.4 14 14.8 15.2
64 2.565 15.3 18.8 14.4 14 14.8 15.2
65 2.562 15.3 18.8 14.4 14 14.8 15.2
66 2.56 15.3 18.8 14.4 14 14.8 15.2
67 2.557 15.3 18.8 14.4 14 14.8 15.2
68 2.554 15.3 18.8 14.4 14 14.8 15.2
69 2.552 15.3 18.7 14.4 14 14.8 15.2
70 2.549 15.3 18.8 14.4 14 14.8 15.2
71 2.546 15.3 18.7 14.4 14 14.7 15.2
72 2.544 15.3 18.7 14.4 14 14.7 15.2
73 2.541 15.3 18.7 14.4 14 14.8 15.2
74 2.538 15.3 18.7 14.4 14 14.7 15.2
75 2.536 15.3 18.8 14.4 14 14.7 15.2
76 2.533 15.3 18.8 14.4 14 14.8 15.2
77 2.53 15.3 18.8 14.4 14 14.8 15.2
78 2.528 15.3 18.8 14.4 14 14.8 15.1
79 2.525 15.3 18.8 14.4 14 14.8 15.1
80 2.522 15.3 18.8 14.4 14 14.8 15.2
81 2.52 15.3 18.8 14.4 14 14.8 15.2
82 2.517 15.3 18.8 14.4 14 14.8 15.2
83 2.514 15.3 18.8 14.4 14 14.8 15.1
84 2.512 15.3 18.8 14.4 14 14.9 15.2
85 2.509 15.3 18.8 14.4 14 14.9 15.1
86 2.506 15.3 18.8 14.4 14 14.9 15.1
87 2.504 15.3 18.8 14.4 14 14.9 15.1
88 2.501 15.3 18.8 14.4 14 14.9 15.1
89 2.498 15.3 18.8 14.4 14 14.9 15.1
90 2.496 15.3 18.8 14.4 14 14.9 15.2
91 2.493 15.3 18.8 14.4 14 14.9 15.2
92 2.49 15.3 18.7 14.4 14 14.9 15.1
93 2.488 15.3 18.7 14.4 14 14.9 15.1
94 2.485 15.3 18.7 14.4 14 14.9 15.1
95 2.482 15.3 18.7 14.4 14 14.9 15.1
96 2.48 15.3 18.7 14.4 14 14.9 15.1
97 2.477 15.3 18.7 14.4 14 14.9 15.1
98 2.474 15.3 18.7 14.4 14 14.9 15.1
99 2.472 15.3 18.7 14.4 14 14.9 15.1
100 2.469 15.3 18.7 14.4 14 14.9 15.1
101 2.466 15.3 18.7 14.4 14 14.9 15.1
102 2.464 15.3 18.7 14.4 14 14.9 15.1
103 2.461 15.3 18.7 14.4 14 14.9 15.1
104 2.458 15.3 18.7 14.4 14 14.9 15.1
105 2.456 15.3 18.8 14.4 14 14.9 15.1
106 2.453 15.3 18.8 14.4 14 14.9 15.1
107 2.45 15.3 18.8 14.4 14 14.9 15.1
108 2.448 15.3 18.8 14.4 14 14.9 15.1
109 2.445 15.3 18.7 14.4 14 14.9 15.1
110 2.442 15.3 18.7 14.4 14 14.9 15.1
111 2.44 15.3 18.7 14.4 14 14.9 15.1
112 2.437 15.3 18.8 14.4 14 14.9 15.1
113 2.434 15.3 18.8 14.4 14 14.9 15.1
114 2.432 15.3 18.8 14.4 14 14.9 15.1
115 2.429 15.3 18.8 14.4 14 14.9 15.1
116 2.426 15.3 18.8 14.4 14 14.9 15.1
117 2.424 15.3 18.8 14.4 14 14.9 15.1
118 2.421 15.3 18.8 14.4 14 14.9 15.1
119 2.418 15.3 18.8 14.4 14 14.9 15.1
120 2.416 15.3 18.8 14.4 14 14.9 15.1
121 2.413 15.3 18.8 14.4 14 14.9 15.1
122 2.41 15.3 18.7 14.4 14 14.9 15.1
123 2.408 15.3 18.8 14.4 14 14.9 15.1
124 2.405 15.3 18.8 14.4 14 14.9 15.1
125 2.402 15.3 18.7 14.4 14 14.9 15.1
126 2.4 15.3 18.8 14.4 14 14.9 15.1
127 2.397 15.3 18.8 14.4 14 14.9 15.1
128 2.394 15.3 18.7 14.4 14 14.9 15.1
129 2.392 15.3 18.7 14.4 14 14.9 15.1
130 2.389 15.3 18.7 14.4 14 14.9 15.1
131 2.386 15.3 18.7 14.4 14 14.9 15.1
132 2.384 15.3 18.7 14.4 14 14.9 15.1
133 2.381 15.3 18.7 14.4 14 14.9 15.1
134 2.378 15.3 18.7 14.4 14 14.9 15.1
135 2.376 15.3 18.7 14.4 14 14.9 15.1
136 2.373 15.3 18.7 14.4 14 14.9 15.1
137 2.37 15.3 18.7 14.4 14 14.9 15.1
138 2.368 15.3 18.7 14.4 14 14.9 15.1
139 2.365 15.2 18.7 14.4 14 14.8 15.1
140 2.362 15.2 18.7 14.4 14 14.8 15.1
141 2.36 15.3 18.7 14.4 14 14.8 15.1
142 2.357 15.2 18.7 14.4 14 14.8 15.1
143 2.354 15.3 18.7 14.4 14 14.8 15.1
144 2.352 15.3 18.7 14.4 14 14.8 15.1
145 2.349 15.3 18.7 14.4 14 14.8 15.1
146 2.346 15.3 18.7 14.4 14 14.8 15.1
147 2.344 15.3 18.7 14.4 14 14.8 15.1
148 2.341 15.3 18.7 14.4 14 14.8 15.1
149 2.338 15.3 18.7 14.4 14 14.8 15.1
150 2.336 15.3 18.7 14.4 14 14.8 15.1
151 2.333 15.3 18.7 14.4 14 14.8 15.1
152 2.33 15.3 18.7 14.4 14 14.8 15.1
153 2.328 15.2 18.7 14.4 14 14.8 15
154 2.325 15.2 18.7 14.4 14 14.8 15
155 2.322 15.3 18.7 14.4 14 14.8 15
156 2.32 15.2 18.7 14.4 14 14.8 15
157 2.317 15.2 18.7 14.4 14 14.8 15
158 2.314 15.2 18.7 14.4 14 14.8 15
159 2.312 15.3 18.7 14.4 14 14.8 15.1
160 2.309 15.2 18.7 14.4 14 14.8 15.1
161 2.306 15.2 18.7 14.4 14 14.8 15.1
162 2.304 15.2 18.7 14.4 14 14.8 15.1
163 2.301 15.2 18.7 14.4 14 14.9 15.1
164 2.298 15.3 18.7 14.4 14 14.9 15.1
165 2.296 15.3 18.7 14.4 14.1 14.9 15.1
166 2.293 15.3 18.7 14.4 14.1 14.9 15.1
167 2.29 15.3 18.7 14.4 14.1 14.9 15.1
168 2.288 15.3 18.7 14.4 14.1 14.9 15.1
169 2.285 15.3 18.7 14.4 14.1 14.9 15.1
170 2.282 15.3 18.7 14.4 14.1 14.9 15.1
171 2.28 15.3 18.7 14.4 14.1 14.9 15.1
172 2.277 15.3 18.7 14.4 14.1 14.9 15.1
173 2.274 15.3 18.7 14.4 14.1 14.9 15.1
174 2.272 15.3 18.7 14.4 14.1 14.9 15.1
175 2.269 15.3 18.7 14.4 14.1 14.9 15.1
176 2.266 15.3 18.7 14.5 14.1 14.9 15.1
177 2.264 15.3 18.7 14.4 14.1 14.9 15.1
178 2.261 15.3 18.7 14.4 14.1 14.9 15.1
179 2.258 15.3 18.7 14.5 14.1 14.9 15.1
180 2.256 15.3 18.7 14.4 14.1 14.9 15.1
181 2.253 15.3 18.7 14.4 14.1 14.9 15.1
182 2.25 15.3 18.7 14.4 14.1 14.9 15.1
183 2.248 15.3 18.7 14.4 14.1 14.9 15.1
184 2.245 15.3 18.7 14.4 14.1 14.9 15.1
185 2.242 15.3 18.7 14.4 14.1 14.9 15.1
186 2.24 15.3 18.7 14.4 14.1 14.9 15.1
187 2.237 15.3 18.7 14.4 14.1 14.9 15.1
188 2.234 15.3 18.7 14.5 14.1 14.9 15.1
189 2.231 15.3 18.7 14.5 14.1 14.9 15.1
190 2.229 15.3 18.7 14.4 14.1 14.9 15.1
191 2.226 15.3 18.7 14.4 14.1 14.9 15.1
192 2.223 15.3 18.7 14.4 14.1 14.9 15.1
193 2.221 15.3 18.7 14.4 14.1 14.9 15.1
194 2.218 15.3 18.7 14.5 14.1 14.9 15.1
195 2.215 15.3 18.7 14.5 14.1 14.9 15.1
196 2.213 15.3 18.7 14.4 14.1 14.9 15.1
197 2.21 15.3 18.7 14.5 14.1 14.9 15.1
198 2.207 15.3 18.7 14.5 14.2 14.9 15.1
199 2.205 15.3 18.7 14.5 14.1 14.9 15.1
200 2.202 15.3 18.7 14.5 14.1 14.9 15.1
201 2.199 15.3 18.7 14.5 14.1 14.9 15.2
202 2.197 15.3 18.7 14.4 14.1 14.9 15.1
203 2.194 15.3 18.7 14.5 14.1 14.9 15.1
204 2.191 15.3 18.7 14.5 14.1 14.9 15.1
205 2.189 15.3 18.7 14.5 14.2 14.9 15.2
206 2.186 15.3 18.7 14.5 14.1 14.9 15.2
207 2.183 15.3 18.7 14.5 14.1 14.9 15.2
208 2.181 15.3 18.7 14.5 14.2 14.9 15.2
209 2.178 15.3 18.7 14.5 14.2 15 15.2
210 2.175 15.3 18.7 14.4 14.2 14.9 15.2
211 2.173 15.3 18.7 14.4 14.1 14.9 15.2
212 2.17 15.3 18.7 14.5 14.1 14.9 15.2
213 2.167 15.3 18.7 14.4 14.1 14.9 15.2
214 2.165 15.3 18.7 14.5 14.1 14.9 15.2
215 2.162 15.3 18.7 14.5 14.1 14.9 15.2
216 2.159 15.3 18.7 14.5 14.1 14.9 15.2
217 2.157 15.3 18.7 14.5 14.1 14.9 15.2
218 2.154 15.3 18.7 14.5 14.1 14.9 15.2
219 2.151 15.3 18.7 14.5 14.1 14.9 15.2
220 2.149 15.3 18.7 14.5 14.1 14.9 15.2
221 2.146 15.3 18.7 14.5 14.2 14.9 15.2
222 2.143 15.3 18.7 14.5 14.2 15 15.2
223 2.141 15.3 18.7 14.5 14.2 15 15.2
224 2.138 15.3 18.7 14.5 14.2 15 15.2
225 2.135 15.3 18.8 14.5 14.2 15 15.2
226 2.133 15.3 18.8 14.5 14.2 15 15.2
227 2.13 15.3 18.8 14.5 14.2 15 15.2
228 2.127 15.3 18.8 14.5 14.2 15 15.2
229 2.125 15.3 18.8 14.5 14.2 15 15.2
230 2.122 15.3 18.8 14.5 14.2 15 15.2
231 2.119 15.3 18.8 14.5 14.2 15 15.3
232 2.117 15.3 18.8 14.5 14.2 15 15.3
233 2.114 15.3 18.8 14.5 14.2 15 15.3
234 2.111 15.3 18.8 14.5 14.2 15 15.3
235 2.109 15.3 18.8 14.5 14.2 15 15.3
236 2.106 15.3 18.8 14.5 14.2 15 15.3
237 2.103 15.3 18.8 14.5 14.2 15 15.3
238 2.101 15.3 18.8 14.5 14.2 15 15.3
239 2.098 15.3 18.8 14.5 14.2 15 15.3
240 2.095 15.3 18.8 14.5 14.2 15 15.3
241 2.093 15.3 18.8 14.5 14.2 15 15.3
242 2.09 15.3 18.8 14.5 14.2 15 15.3
243 2.087 15.3 18.8 14.5 14.2 15 15.3
244 2.085 15.3 18.8 14.5 14.2 15 15.3
245 2.082 15.3 18.8 14.5 14.2 15 15.3
246 2.079 15.3 18.8 14.5 14.2 15 15.3
247 2.077 15.3 18.8 14.5 14.2 15 15.3
248 2.074 15.3 18.8 14.5 14.2 15 15.3
249 2.071 15.3 18.8 14.5 14.2 15 15.3
250 2.069 15.3 18.8 14.5 14.2 15 15.3
251 2.066 15.3 18.8 14.5 14.2 15 15.3
252 2.063 15.3 18.8 14.5 14.2 15 15.3
253 2.061 15.3 18.8 14.5 14.2 15 15.3
254 2.058 15.3 18.8 14.5 14.2 15 15.3
255 2.055 15.3 18.8 14.5 14.2 15 15.3
256 2.053 15.3 18.8 14.5 14.2 15 15.3
257 2.05 15.3 18.8 14.5 14.2 15 15.3
258 2.047 15.3 18.8 14.6 14.2 15 15.3
259 2.045 15.3 18.8 14.6 14.2 15 15.3
260 2.042 15.3 18.8 14.5 14.2 15 15.3
261 2.039 15.3 18.8 14.5 14.2 15 15.3
262 2.037 15.3 18.8 14.6 14.2 15 15.3
263 2.034 15.3 18.8 14.5 14.2 15 15.3
264 2.031 15.3 18.8 14.6 14.2 15 15.3
265 2.029 15.3 18.8 14.6 14.2 15 15.3
266 2.026 15.3 18.8 14.5 14.2 15 15.3
267 2.023 15.3 18.8 14.5 14.2 15 15.3
268 2.021 15.3 18.8 14.6 14.2 15 15.3
269 2.018 15.3 18.9 14.6 14.2 15 15.3
270 2.015 15.3 18.9 14.5 14.2 15 15.3
271 2.013 15.3 18.8 14.6 14.2 15 15.3
272 2.01 15.3 18.8 14.6 14.2 15 15.3
273 2.007 15.3 18.8 14.5 14.2 15 15.3
274 2.005 15.3 18.8 14.5 14.2 15 15.3
275 2.002 15.3 18.8 14.5 14.2 15 15.3
276 1.999 15.3 18.9 14.5 14.2 15 15.3
277 1.997 15.3 18.9 14.5 14.2 15 15.3
278 1.994 15.3 18.9 14.5 14.2 15 15.3
279 1.991 15.3 18.9 14.5 14.2 15 15.3
280 1.989 15.3 18.9 14.5 14.2 15 15.3
281 1.986 15.3 18.9 14.5 14.2 15 15.3
282 1.983 15.3 18.8 14.5 14.2 15 15.3
283 1.98 15.3 18.9 14.6 14.2 15 15.3
284 1.978 15.3 18.9 14.5 14.2 15 15.3
285 1.975 15.3 18.9 14.5 14.2 15 15.3
286 1.972 15.3 18.9 14.6 14.2 15 15.3
287 1.97 15.3 18.9 14.6 14.2 15 15.3
288 1.967 15.3 18.9 14.6 14.2 15 15.3
289 1.964 15.3 18.9 14.6 14.2 15 15.3
290 1.962 15.3 18.9 14.6 14.2 15 15.3
291 1.959 15.3 18.9 14.6 14.2 15 15.3
292 1.956 15.3 18.9 14.6 14.2 15 15.3
293 1.954 15.3 18.9 14.6 14.2 15 15.3
294 1.951 15.3 18.9 14.6 14.3 15 15.3
295 1.948 15.3 18.9 14.6 14.2 15 15.3
296 1.946 15.3 18.9 14.6 14.2 15 15.3
297 1.943 15.3 18.9 14.6 14.3 15 15.3
298 1.94 15.3 18.9 14.6 14.3 15 15.3
299 1.938 15.3 18.9 14.6 14.2 15 15.3
300 1.935 15.3 18.9 14.6 14.2 15 15.3
301 1.932 15.3 18.9 14.7 14.2 15 15.3
302 1.93 15.3 18.9 14.6 14.3 15 15.3
303 1.927 15.3 18.9 14.6 14.3 15 15.3
304 1.924 15.3 18.9 14.6 14.3 15 15.3
305 1.922 15.3 18.9 14.6 14.3 15 15.3
306 1.919 15.3 18.9 14.6 14.3 15 15.3
307 1.916 15.3 19 14.7 14.3 15 15.3
308 1.914 15.3 19 14.7 14.3 15 15.3
309 1.911 15.3 18.9 14.7 14.3 15 15.3
310 1.908 15.3 18.9 14.7 14.3 15 15.3
311 1.906 15.3 18.9 14.7 14.3 15 15.4
312 1.903 15.3 18.9 14.6 14.3 15 15.3
313 1.9 15.3 18.9 14.6 14.3 15 15.3
314 1.898 15.3 18.9 14.7 14.3 15 15.3
315 1.895 15.3 18.9 14.7 14.3 15 15.3
316 1.892 15.3 18.9 14.6 14.3 15 15.3
317 1.89 15.3 18.9 14.7 14.3 15 15.4
318 1.887 15.3 18.9 14.7 14.3 15 15.4
319 1.884 15.3 18.9 14.7 14.3 15 15.4
320 1.882 15.3 18.9 14.6 14.3 15 15.3
321 1.879 15.3 18.9 14.6 14.3 15 15.4
322 1.876 15.3 18.9 14.7 14.3 15 15.4
323 1.874 15.3 19 14.7 14.3 15 15.4
324 1.871 15.3 18.9 14.6 14.3 15 15.4
325 1.868 15.3 19 14.6 14.3 15 15.4
326 1.866 15.3 18.9 14.7 14.3 15 15.4
327 1.863 15.3 18.9 14.6 14.3 15 15.4
328 1.86 15.3 19 14.7 14.3 15 15.4
329 1.858 15.3 18.9 14.7 14.3 15 15.4
330 1.855 15.3 18.9 14.6 14.3 15 15.4
331 1.852 15.3 18.9 14.6 14.3 15 15.4
332 1.85 15.3 18.9 14.7 14.3 15 15.4
333 1.847 15.3 19 14.7 14.3 15 15.4
334 1.844 15.3 18.9 14.6 14.3 15 15.4
335 1.842 15.3 18.9 14.6 14.3 15 15.4
336 1.839 15.3 18.9 14.7 14.3 15 15.4
337 1.836 15.3 18.9 14.7 14.3 15 15.4
338 1.834 15.3 18.9 14.6 14.3 15 15.4
339 1.831 15.3 18.9 14.6 14.3 15 15.4
340 1.828 15.3 19 14.7 14.3 15 15.4
341 1.826 15.3 19 14.7 14.3 15 15.4
342 1.823 15.3 19 14.7 14.3 15 15.4
343 1.82 15.3 19 14.7 14.3 15 15.4
344 1.818 15.3 19 14.7 14.3 15 15.4
345 1.815 15.3 19 14.7 14.3 15 15.4
346 1.812 15.3 19 14.7 14.3 15 15.4
347 1.81 15.3 19 14.7 14.3 15 15.4
348 1.807 15.3 19 14.7 14.3 15 15.4
349 1.804 15.3 19 14.7 14.3 15 15.4
350 1.802 15.3 19 14.7 14.3 15 15.4
351 1.799 15.3 19 14.7 14.3 15 15.4
352 1.796 15.3 19 14.7 14.3 15 15.4
353 1.794 15.3 19 14.7 14.2 15 15.4
354 1.791 15.3 19 14.7 14.3 15 15.3
355 1.788 15.3 19 14.7 14.3 15 15.3
356 1.786 15.3 19 14.7 14.3 15 15.3
357 1.783 15.3 19 14.7 14.3 15 15.4
358 1.78 15.3 19 14.7 14.3 15 15.4
359 1.778 15.3 19 14.7 14.3 15 15.4
360 1.775 15.3 19 14.7 14.3 15 15.4
361 1.772 15.3 19 14.7 14.3 15 15.4
362 1.769 15.3 19 14.7 14.3 15 15.4
363 1.767 15.3 19 14.7 14.3 15 15.4
364 1.764 15.3 19 14.7 14.3 15 15.4
365 1.761 15.3 19 14.7 14.3 15 15.4
366 1.759 15.3 19 14.7 14.3 15 15.4
367 1.756 15.3 19 14.7 14.3 15 15.4
368 1.753 15.3 19 14.7 14.3 15 15.4
369 1.751 15.3 19 14.7 14.3 15 15.4
370 1.748 15.3 19 14.7 14.3 15 15.4
371 1.745 15.3 19 14.8 14.3 15 15.4
372 1.743 15.3 19 14.8 14.3 15 15.4
373 1.74 15.3 19 14.8 14.3 15.1 15.4
374 1.737 15.3 19 14.8 14.3 15 15.4
375 1.735 15.3 19.1 14.8 14.3 15.1 15.4
376 1.732 15.3 19 14.7 14.3 15.1 15.4
377 1.729 15.3 19 14.8 14.3 15.1 15.4
378 1.727 15.3 19.1 14.8 14.3 15.1 15.4
379 1.724 15.3 19 14.8 14.3 15.1 15.4
380 1.721 15.3 19 14.8 14.3 15.1 15.4
381 1.719 15.3 19 14.8 14.3 15.1 15.4
382 1.716 15.3 19.1 14.8 14.3 15.1 15.4
383 1.713 15.3 19.1 14.8 14.3 15.1 15.4
384 1.711 15.3 19 14.8 14.3 15.1 15.4
385 1.708 15.3 19 14.8 14.3 15.1 15.4
386 1.705 15.3 19 14.8 14.3 15.1 15.4
387 1.703 15.3 19 14.8 14.3 15.1 15.4
388 1.7 15.3 19 14.8 14.3 15.1 15.4
389 1.697 15.3 19 14.8 14.3 15.1 15.4
390 1.695 15.3 19.1 14.8 14.3 15.1 15.4
391 1.692 15.3 19.1 14.8 14.3 15.1 15.4
392 1.689 15.4 19.1 14.8 14.3 15.1 15.4
393 1.687 15.4 19.1 14.8 14.3 15.1 15.4
394 1.684 15.4 19.1 14.8 14.4 15.1 15.4
395 1.681 15.4 19.1 14.8 14.4 15.2 15.4
396 1.679 15.4 19.1 14.9 14.4 15.2 15.4
397 1.676 15.4 19.1 14.9 14.4 15.2 15.4
398 1.673 15.4 19.1 14.8 14.4 15.2 15.4
399 1.671 15.4 19.1 14.8 14.4 15.2 15.4
400 1.668 15.4 19.1 14.8 14.4 15.2 15.4
401 1.665 15.4 19.1 14.8 14.4 15.2 15.4
402 1.663 15.4 19.1 14.8 14.4 15.2 15.4
403 1.66 15.4 19.1 14.8 14.4 15.2 15.4
404 1.657 15.4 19.1 14.8 14.4 15.2 15.4
405 1.655 15.4 19.1 14.8 14.4 15.2 15.4
406 1.652 15.4 19.1 14.8 14.4 15.2 15.4
407 1.649 15.4 19.1 14.8 14.4 15.2 15.4
408 1.647 15.4 19.1 14.9 14.4 15.2 15.4
409 1.644 15.4 19.1 14.9 14.4 15.2 15.4
410 1.641 15.4 19.1 14.9 14.4 15.2 15.4
411 1.639 15.4 19.1 14.9 14.4 15.2 15.4
412 1.636 15.4 19.1 14.9 14.4 15.2 15.4
413 1.633 15.4 19.1 14.9 14.4 15.2 15.4
414 1.631 15.4 19.2 14.9 14.4 15.2 15.4
415 1.628 15.4 19.2 14.9 14.4 15.2 15.4
416 1.625 15.4 19.2 14.9 14.4 15.2 15.4
417 1.623 15.4 19.2 14.9 14.4 15.3 15.4
418 1.62 15.4 19.2 14.9 14.4 15.3 15.4
419 1.617 15.4 19.1 14.9 14.4 15.3 15.4
420 1.615 15.4 19.1 14.9 14.4 15.3 15.4
421 1.612 15.4 19.2 14.9 14.4 15.3 15.4
422 1.609 15.4 19.2 14.9 14.4 15.3 15.4
423 1.607 15.4 19.2 14.9 14.4 15.3 15.4
424 1.604 15.4 19.2 14.9 14.4 15.3 15.4
425 1.601 15.4 19.2 14.9 14.4 15.3 15.4
426 1.599 15.4 19.1 14.8 14.4 15.3 15.4
427 1.596 15.4 19.2 14.9 14.4 15.3 15.4
428 1.593 15.4 19.2 14.9 14.4 15.3 15.4
429 1.591 15.4 19.1 14.9 14.4 15.3 15.4
430 1.588 15.4 19.1 14.8 14.4 15.3 15.4
431 1.585 15.4 19.2 14.8 14.4 15.3 15.4
432 1.582 15.4 19.2 14.9 14.4 15.3 15.4
433 1.58 15.4 19.2 14.9 14.4 15.3 15.4
434 1.577 15.4 19.2 14.9 14.4 15.3 15.4
435 1.574 15.4 19.2 14.9 14.4 15.3 15.4
436 1.572 15.4 19.2 14.9 14.4 15.3 15.4
437 1.569 15.4 19.2 14.9 14.4 15.3 15.4
438 1.566 15.4 19.2 14.9 14.4 15.3 15.4
439 1.564 15.4 19.2 14.9 14.4 15.3 15.4
440 1.561 15.4 19.2 14.9 14.4 15.3 15.4
441 1.558 15.4 19.2 14.9 14.4 15.3 15.4
442 1.556 15.5 19.2 14.9 14.4 15.3 15.4
443 1.553 15.5 19.2 14.9 14.4 15.3 15.4
444 1.55 15.5 19.2 14.9 14.4 15.3 15.4
445 1.548 15.5 19.2 14.9 14.4 15.3 15.4
446 1.545 15.5 19.2 14.9 14.4 15.3 15.4
447 1.542 15.5 19.2 14.9 14.4 15.3 15.4
448 1.54 15.5 19.2 14.9 14.4 15.3 15.4
449 1.537 15.5 19.2 14.9 14.4 15.3 15.4
450 1.534 15.5 19.2 14.9 14.4 15.3 15.4
451 1.532 15.5 19.2 14.9 14.4 15.4 15.4
452 1.529 15.5 19.2 14.9 14.4 15.4 15.4
453 1.526 15.5 19.2 14.9 14.4 15.4 15.4
454 1.524 15.5 19.2 15 14.4 15.4 15.4
455 1.521 15.5 19.2 14.9 14.4 15.4 15.4
456 1.518 15.5 19.3 15 14.5 15.4 15.4
457 1.516 15.5 19.3 15 14.5 15.4 15.4
458 1.513 15.5 19.3 15 14.5 15.4 15.4
459 1.51 15.5 19.3 14.9 14.5 15.4 15.4
460 1.508 15.5 19.3 15 14.5 15.4 15.4
461 1.505 15.5 19.3 15 14.5 15.4 15.4
462 1.502 15.5 19.3 14.9 14.5 15.4 15.4
463 1.5 15.5 19.3 14.9 14.5 15.4 15.4
464 1.497 15.5 19.3 14.9 14.5 15.4 15.4
465 1.494 15.5 19.3 14.9 14.5 15.4 15.4
466 1.492 15.5 19.3 14.9 14.5 15.4 15.4
467 1.489 15.5 19.3 14.9 14.5 15.4 15.4
468 1.486 15.6 19.3 14.9 14.5 15.4 15.4
469 1.484 15.6 19.3 14.9 14.5 15.4 15.4
470 1.481 15.6 19.3 15 14.5 15.4 15.4
471 1.478 15.6 19.3 15 14.5 15.4 15.4
472 1.476 15.6 19.3 15 14.5 15.4 15.4
473 1.473 15.6 19.3 15 14.5 15.4 15.4
474 1.47 15.6 19.3 15 14.5 15.4 15.4
475 1.468 15.6 19.4 15 14.5 15.4 15.4
476 1.465 15.6 19.3 15 14.5 15.4 15.4
477 1.462 15.6 19.3 15 14.5 15.4 15.4
478 1.46 15.6 19.4 15 14.5 15.4 15.4
479 1.457 15.6 19.4 15 14.6 15.4 15.4
480 1.454 15.6 19.4 15 14.6 15.4 15.4
481 1.452 15.6 19.4 15 14.6 15.4 15.4
482 1.449 15.6 19.4 15 14.6 15.4 15.4
483 1.446 15.6 19.4 15 14.6 15.4 15.4
484 1.444 15.6 19.4 15 14.6 15.4 15.4
485 1.441 15.7 19.4 15 14.6 15.4 15.4
486 1.438 15.6 19.4 15 14.6 15.4 15.4
487 1.436 15.6 19.4 15 14.6 15.4 15.4
488 1.433 15.6 19.4 15 14.6 15.4 15.4
489 1.43 15.6 19.4 15 14.6 15.4 15.4
490 1.428 15.6 19.4 15 14.6 15.4 15.4
491 1.425 15.6 19.4 15 14.6 15.4 15.4
492 1.422 15.6 19.4 15 14.6 15.4 15.4
493 1.419 15.6 19.4 15 14.6 15.4 15.4
494 1.417 15.6 19.4 15 14.6 15.4 15.4
495 1.414 15.6 19.3 15 14.6 15.4 15.4
496 1.411 15.6 19.3 15 14.5 15.4 15.4
497 1.409 15.6 19.3 15 14.5 15.4 15.4
498 1.406 15.6 19.3 15 14.5 15.4 15.4
499 1.403 15.6 19.3 15 14.6 15.4 15.4
500 1.401 15.6 19.3 15 14.5 15.4 15.4
501 1.398 15.6 19.3 15 14.5 15.4 15.4
502 1.395 15.6 19.3 15 14.5 15.4 15.4
503 1.393 15.6 19.4 15 14.6 15.4 15.4
504 1.39 15.6 19.3 15 14.6 15.4 15.4
505 1.387 15.6 19.4 15 14.6 15.4 15.4
506 1.385 15.6 19.4 15 14.6 15.4 15.4
507 1.382 15.6 19.4 15 14.6 15.4 15.4
508 1.379 15.6 19.3 15 14.6 15.4 15.4
509 1.377 15.6 19.4 15 14.6 15.4 15.4
510 1.374 15.6 19.4 15 14.6 15.4 15.4
511 1.371 15.6 19.4 15 14.6 15.4 15.4
512 1.369 15.6 19.4 15.1 14.6 15.4 15.5
513 1.366 15.6 19.4 15.1 14.6 15.4 15.5
514 1.363 15.6 19.4 15.1 14.6 15.4 15.5
515 1.361 15.6 19.4 15.1 14.6 15.4 15.4
516 1.358 15.6 19.4 15.1 14.6 15.4 15.4
517 1.355 15.6 19.4 15.1 14.6 15.4 15.4
518 1.353 15.6 19.4 15.1 14.6 15.4 15.4
519 1.35 15.6 19.4 15.1 14.6 15.4 15.4
520 1.347 15.6 19.4 15.1 14.6 15.4 15.4
521 1.345 15.6 19.4 15.1 14.6 15.4 15.4
522 1.342 15.6 19.4 15.1 14.6 15.4 15.4
523 1.339 15.6 19.4 15.1 14.6 15.4 15.4
524 1.337 15.6 19.4 15.1 14.6 15.4 15.4
525 1.334 15.6 19.4 15.1 14.6 15.4 15.4
526 1.331 15.5 19.3 15 14.6 15.4 15.4
527 1.329 15.5 19.3 15 14.6 15.4 15.4
528 1.326 15.5 19.3 15 14.6 15.4 15.4
529 1.323 15.5 19.3 15 14.6 15.4 15.4
530 1.321 15.5 19.3 15 14.6 15.4 15.4
531 1.318 15.5 19.3 15 14.6 15.4 15.4
532 1.315 15.5 19.3 15 14.6 15.4 15.4
533 1.313 15.5 19.3 15 14.6 15.4 15.4
534 1.31 15.5 19.3 15 14.6 15.4 15.4
535 1.307 15.5 19.3 15 14.6 15.4 15.4
536 1.305 15.5 19.3 15 14.6 15.4 15.4
537 1.302 15.5 19.3 15 14.6 15.4 15.4
538 1.299 15.6 19.4 15 14.6 15.4 15.4
539 1.297 15.6 19.4 15.1 14.6 15.4 15.4
540 1.294 15.6 19.4 15.1 14.6 15.4 15.4
541 1.291 15.6 19.4 15.1 14.6 15.4 15.4
542 1.289 15.6 19.4 15.1 14.6 15.4 15.4
543 1.286 15.6 19.4 15.1 14.6 15.4 15.4
544 1.283 15.6 19.4 15.1 14.6 15.4 15.4
545 1.281 15.6 19.4 15.1 14.6 15.4 15.4
546 1.278 15.6 19.4 15.1 14.6 15.4 15.4
547 1.275 15.6 19.4 15.1 14.6 15.4 15.4
548 1.273 15.6 19.5 15.1 14.6 15.4 15.4
549 1.27 15.6 19.5 15.1 14.6 15.4 15.4
550 1.267 15.6 19.5 15.1 14.6 15.4 15.4
551 1.265 15.6 19.5 15.1 14.6 15.4 15.4
552 1.262 15.6 19.5 15.1 14.6 15.4 15.4
553 1.259 15.6 19.5 15.1 14.7 15.4 15.4
554 1.256 15.6 19.5 15.1 14.6 15.4 15.4
555 1.254 15.6 19.5 15.1 14.7 15.4 15.4
556 1.251 15.6 19.5 15.1 14.7 15.4 15.4
557 1.248 15.6 19.5 15.1 14.7 15.4 15.4
558 1.246 15.6 19.5 15.1 14.6 15.4 15.4
559 1.243 15.6 19.5 15.1 14.7 15.4 15.4
560 1.24 15.6 19.5 15.1 14.7 15.4 15.4
561 1.238 15.6 19.5 15.1 14.7 15.4 15.4
562 1.235 15.6 19.5 15.1 14.7 15.4 15.4
563 1.232 15.6 19.5 15.1 14.7 15.4 15.4
564 1.23 15.6 19.5 15.1 14.6 15.4 15.4
565 1.227 15.6 19.5 15.1 14.6 15.4 15.4
566 1.224 15.6 19.5 15.1 14.6 15.4 15.4
567 1.222 15.7 19.5 15.1 14.7 15.4 15.5
568 1.219 15.7 19.5 15.1 14.7 15.4 15.5
569 1.216 15.7 19.5 15.1 14.6 15.4 15.5
570 1.214 15.7 19.5 15.1 14.7 15.4 15.5
571 1.211 15.7 19.5 15.1 14.7 15.4 15.5
572 1.208 15.7 19.5 15.1 14.7 15.4 15.5
573 1.206 15.7 19.5 15.1 14.7 15.4 15.5
574 1.203 15.7 19.5 15.1 14.7 15.4 15.5
575 1.2 15.7 19.5 15.1 14.7 15.4 15.5
576 1.198 15.7 19.5 15.1 14.6 15.4 15.5
577 1.195 15.7 19.5 15.1 14.7 15.4 15.5
578 1.192 15.7 19.5 15.1 14.7 15.4 15.5
579 1.19 15.7 19.5 15.1 14.6 15.4 15.5
580 1.187 15.7 19.5 15.1 14.6 15.4 15.5
581 1.184 15.7 19.5 15.1 14.7 15.4 15.5
582 1.182 15.7 19.5 15.1 14.7 15.4 15.5
583 1.179 15.7 19.5 15.1 14.7 15.4 15.5
584 1.176 15.7 19.5 15.1 14.7 15.4 15.5
585 1.174 15.7 19.5 15.1 14.7 15.4 15.5
586 1.171 15.7 19.5 15.1 14.7 15.4 15.4
587 1.168 15.7 19.5 15.1 14.7 15.4 15.5
588 1.166 15.7 19.6 15.1 14.7 15.4 15.5
589 1.163 15.7 19.6 15.1 14.7 15.4 15.5
590 1.16 15.7 19.6 15.1 14.7 15.4 15.5
591 1.158 15.7 19.6 15.1 14.7 15.4 15.5
592 1.155 15.7 19.6 15.1 14.7 15.4 15.5
593 1.152 15.7 19.6 15.1 14.7 15.4 15.5
594 1.15 15.7 19.6 15.1 14.7 15.4 15.5
595 1.147 15.7 19.6 15.1 14.7 15.4 15.5
596 1.144 15.7 19.6 15.1 14.7 15.4 15.5
597 1.142 15.7 19.6 15.1 14.7 15.4 15.5
598 1.139 15.7 19.6 15.1 14.7 15.4 15.5
599 1.136 15.7 19.6 15.1 14.7 15.4 15.5
600 1.134 15.7 19.6 15.1 14.7 15.4 15.5
601 1.131 15.7 19.6 15.1 14.7 15.4 15.5
602 1.128 15.7 19.6 15.1 14.7 15.4 15.5
603 1.126 15.7 19.6 15.1 14.7 15.4 15.5
604 1.123 15.7 19.6 15.1 14.7 15.4 15.5
605 1.12 15.7 19.6 15.1 14.7 15.4 15.6
606 1.118 15.7 19.6 15.1 14.7 15.4 15.6
607 1.115 15.7 19.6 15.1 14.7 15.4 15.6
608 1.112 15.7 19.6 15.1 14.7 15.4 15.6
609 1.109 15.7 19.6 15.1 14.7 15.4 15.6
610 1.107 15.7 19.6 15.1 14.7 15.4 15.6
611 1.104 15.7 19.6 15.1 14.7 15.4 15.6
612 1.101 15.7 19.6 15.1 14.7 15.4 15.6
613 1.099 15.7 19.6 15.2 14.7 15.4 15.6
614 1.096 15.7 19.6 15.2 14.7 15.4 15.6
615 1.093 15.7 19.6 15.2 14.7 15.4 15.6
616 1.091 15.7 19.6 15.2 14.7 15.4 15.6
617 1.088 15.7 19.6 15.2 14.7 15.4 15.6
618 1.085 15.7 19.6 15.2 14.7 15.4 15.6
619 1.083 15.7 19.6 15.2 14.7 15.4 15.6
620 1.08 15.7 19.6 15.2 14.7 15.4 15.6
621 1.077 15.7 19.6 15.2 14.7 15.4 15.6
622 1.075 15.7 19.6 15.2 14.7 15.4 15.6
623 1.072 15.7 19.6 15.2 14.7 15.4 15.6
624 1.069 15.7 19.6 15.2 14.7 15.4 15.6
625 1.067 15.7 19.6 15.2 14.7 15.4 15.6
626 1.064 15.7 19.6 15.2 14.7 15.4 15.6
627 1.061 15.7 19.7 15.2 14.7 15.4 15.6
628 1.059 15.7 19.7 15.2 14.7 15.4 15.6
629 1.056 15.7 19.7 15.2 14.7 15.4 15.6
630 1.053 15.8 19.7 15.2 14.7 15.4 15.7
631 1.051 15.8 19.7 15.2 14.7 15.4 15.7
632 1.048 15.8 19.7 15.2 14.7 15.4 15.6
633 1.045 15.8 19.7 15.2 14.7 15.4 15.7
634 1.043 15.8 19.7 15.2 14.7 15.4 15.7
635 1.04 15.8 19.7 15.2 14.7 15.4 15.7
636 1.037 15.8 19.7 15.2 14.7 15.4 15.7
637 1.035 15.7 19.7 15.2 14.7 15.4 15.7
638 1.032 15.8 19.7 15.2 14.7 15.4 15.7
639 1.029 15.7 19.7 15.2 14.7 15.4 15.7
640 1.027 15.7 19.7 15.2 14.7 15.4 15.7
641 1.024 15.7 19.7 15.2 14.7 15.4 15.7
642 1.021 15.7 19.7 15.2 14.7 15.4 15.7
643 1.019 15.7 19.7 15.2 14.7 15.4 15.7
644 1.016 15.7 19.7 15.2 14.7 15.4 15.7
645 1.013 15.7 19.7 15.2 14.7 15.4 15.7
646 1.011 15.7 19.7 15.2 14.7 15.4 15.7
647 1.008 15.7 19.7 15.2 14.7 15.4 15.7
648 1.005 15.7 19.7 15.2 14.7 15.4 15.7
649 1.003 15.7 19.7 15.2 14.7 15.4 15.7
650 1 15.7 19.7 15.2 14.7 15.4 15.7
651 0.997 15.7 19.7 15.2 14.7 15.4 15.7
652 0.995 15.7 19.7 15.2 14.8 15.4 15.7
653 0.992 15.7 19.7 15.2 14.7 15.4 15.7
654 0.989 15.7 19.7 15.2 14.7 15.4 15.7
655 0.987 15.7 19.7 15.2 14.8 15.4 15.7
656 0.984 15.7 19.7 15.2 14.7 15.4 15.7
657 0.981 15.7 19.7 15.2 14.7 15.4 15.7
658 0.979 15.7 19.7 15.2 14.7 15.4 15.7
659 0.976 15.7 19.7 15.2 14.7 15.4 15.7
660 0.973 15.7 19.7 15.2 14.7 15.4 15.7
661 0.97 15.7 19.7 15.2 14.7 15.4 15.7
662 0.968 15.7 19.7 15.2 14.7 15.4 15.7
663 0.965 15.8 19.7 15.2 14.7 15.4 15.7
664 0.962 15.7 19.7 15.2 14.7 15.4 15.7
665 0.96 15.8 19.7 15.2 14.7 15.4 15.7
666 0.957 15.8 19.7 15.2 14.7 15.4 15.7
667 0.954 15.8 19.7 15.2 14.7 15.4 15.7
668 0.952 15.8 19.7 15.2 14.7 15.4 15.7
669 0.949 15.7 19.7 15.2 14.7 15.4 15.7
670 0.946 15.8 19.7 15.2 14.7 15.4 15.7
671 0.944 15.8 19.7 15.2 14.7 15.4 15.7
672 0.941 15.7 19.7 15.2 14.7 15.4 15.7
673 0.938 15.8 19.7 15.2 14.8 15.5 15.7
674 0.936 15.8 19.7 15.2 14.8 15.5 15.7
675 0.933 15.8 19.7 15.2 14.8 15.5 15.7
676 0.93 15.8 19.7 15.2 14.8 15.5 15.7
677 0.928 15.8 19.7 15.2 14.8 15.5 15.7
678 0.925 15.7 19.7 15.2 14.8 15.5 15.7
679 0.922 15.8 19.7 15.2 14.8 15.5 15.7
680 0.92 15.8 19.7 15.2 14.8 15.5 15.7
681 0.917 15.8 19.7 15.2 14.8 15.5 15.7
682 0.914 15.8 19.7 15.2 14.8 15.5 15.7
683 0.912 15.8 19.7 15.2 14.8 15.5 15.7
684 0.909 15.8 19.7 15.2 14.8 15.5 15.7
685 0.906 15.8 19.7 15.2 14.8 15.5 15.7
686 0.904 15.8 19.7 15.2 14.8 15.5 15.7
687 0.901 15.8 19.7 15.2 14.8 15.5 15.7
688 0.898 15.8 19.7 15.2 14.8 15.5 15.7
689 0.896 15.8 19.7 15.2 14.8 15.5 15.7
690 0.893 15.8 19.7 15.2 14.8 15.5 15.7
691 0.89 15.8 19.8 15.2 14.8 15.5 15.7
692 0.888 15.8 19.8 15.2 14.8 15.5 15.7
693 0.885 15.8 19.8 15.2 14.8 15.5 15.7
694 0.882 15.9 19.8 15.2 14.8 15.5 15.7
695 0.88 15.9 19.8 15.2 14.8 15.5 15.7
696 0.877 15.8 19.8 15.2 14.8 15.5 15.7
697 0.874 15.8 19.8 15.2 14.8 15.5 15.7
698 0.872 15.8 19.8 15.3 14.8 15.5 15.7
699 0.869 15.8 19.8 15.3 14.8 15.5 15.7
700 0.866 15.8 19.8 15.3 14.8 15.5 15.7
701 0.864 15.9 19.9 15.3 14.9 15.5 15.8
702 0.861 15.9 19.9 15.3 14.9 15.5 15.8
703 0.858 15.9 19.9 15.3 14.9 15.5 15.8
704 0.856 15.9 19.9 15.3 14.9 15.5 15.8
705 0.853 15.9 19.9 15.3 14.9 15.6 15.8
706 0.85 15.9 19.9 15.3 14.9 15.6 15.8
707 0.848 15.9 19.9 15.3 14.9 15.6 15.8
708 0.845 15.9 19.9 15.3 14.9 15.6 15.8
709 0.842 15.9 19.9 15.3 14.9 15.6 15.8
710 0.84 15.9 19.9 15.3 14.9 15.6 15.8
711 0.837 15.9 19.9 15.3 14.9 15.6 15.8
712 0.834 15.9 19.9 15.3 14.9 15.6 15.8
713 0.831 15.9 19.9 15.3 14.9 15.6 15.8
714 0.829 15.8 19.9 15.3 14.9 15.6 15.8
715 0.826 15.9 19.9 15.3 14.9 15.6 15.8
716 0.823 15.9 19.9 15.3 14.9 15.7 15.8
717 0.821 15.9 20 15.3 14.9 15.7 15.8
718 0.818 15.9 19.9 15.3 14.9 15.7 15.8
719 0.815 15.9 20 15.3 14.9 15.6 15.8
720 0.813 15.9 20 15.3 14.9 15.7 15.8
721 0.81 15.9 20 15.3 14.9 15.7 15.8
722 0.807 15.9 20 15.4 14.9 15.7 15.8
723 0.805 15.9 20 15.4 14.9 15.7 15.8
724 0.802 15.9 20 15.4 14.9 15.7 15.8
725 0.799 15.9 20 15.4 14.9 15.7 15.8
726 0.797 15.9 20 15.4 15 15.7 15.8
727 0.794 16 20 15.4 15 15.7 15.8
728 0.791 16 20 15.4 15 15.7 15.8
729 0.789 16 20 15.4 15 15.7 15.8
730 0.786 16 20 15.4 15 15.7 15.8
731 0.783 16 20 15.4 15 15.7 15.8
732 0.781 15.9 20 15.4 15 15.7 15.8
733 0.778 16 20 15.4 15 15.7 15.8
734 0.775 16 20 15.4 15 15.7 15.8
735 0.773 16 20 15.4 15 15.7 15.8
736 0.77 16 20 15.4 15 15.7 15.8
737 0.767 16 20 15.4 15 15.7 15.8
738 0.765 16 20 15.4 15 15.7 15.8
739 0.762 15.9 20 15.4 15 15.7 15.8
740 0.759 15.9 20 15.4 15 15.7 15.8
741 0.757 15.9 20 15.4 15 15.7 15.8
742 0.754 15.9 20 15.4 14.9 15.7 15.8
743 0.751 15.9 20 15.4 14.9 15.7 15.8
744 0.749 16 20 15.4 15 15.7 15.8
745 0.746 16 20 15.4 15 15.7 15.8
746 0.743 16 20 15.4 15 15.7 15.8
747 0.741 16 20 15.4 15 15.7 15.8
748 0.738 16 20 15.4 15 15.7 15.8
749 0.735 15.9 20 15.4 15 15.7 15.8
750 0.733 16 20 15.4 15 15.7 15.8
751 0.73 16 20 15.4 15 15.7 15.8
752 0.727 16 20 15.4 15 15.7 15.8
753 0.725 16 20 15.4 15 15.7 15.8
754 0.722 16 20 15.5 15 15.8 15.9
755 0.719 16 20 15.5 15 15.8 15.9
756 0.717 16 20 15.5 15 15.8 15.9
757 0.714 16 20 15.5 15 15.8 15.9
758 0.711 16.1 20.1 15.5 15 15.8 15.9
759 0.709 16.1 20.1 15.5 15 15.8 15.9
760 0.706 16.1 20 15.5 15 15.8 15.9
761 0.703 16.1 20 15.5 15 15.8 15.8
762 0.701 16.1 20.1 15.5 15 15.8 15.9
763 0.698 16 20.1 15.5 15 15.8 15.9
764 0.695 16 20 15.5 15 15.8 15.9
765 0.692 16 20.1 15.5 15 15.8 15.9
766 0.69 16 20 15.5 15 15.8 15.9
767 0.687 16 20 15.5 15 15.8 15.9
768 0.684 16 20.1 15.5 15 15.8 15.9
769 0.682 16.1 20.1 15.5 15 15.8 15.9
770 0.679 16.1 20.1 15.5 15 15.8 15.9
771 0.676 16 20.1 15.5 15 15.8 15.9
772 0.674 16 20.1 15.5 15 15.8 15.9
773 0.671 16.1 20.1 15.5 15 15.8 15.9
774 0.668 16.1 20.1 15.5 15 15.8 15.9
775 0.666 16 20.1 15.5 15 15.8 15.9
776 0.663 16 20.1 15.5 15 15.8 15.9
777 0.66 16 20 15.5 15 15.8 15.9
778 0.658 16 20 15.5 15 15.8 15.8
779 0.655 16 20 15.5 15 15.8 15.8
780 0.652 16 20 15.5 15 15.8 15.9
781 0.65 16 20 15.5 15 15.8 15.8
782 0.647 16 20 15.5 15 15.8 15.8
783 0.644 16 20 15.5 15 15.8 15.8
784 0.642 16.1 20 15.5 15 15.8 15.9
785 0.639 16 20 15.5 15 15.8 15.8
786 0.636 16 20 15.5 15 15.8 15.8
787 0.634 16 20 15.5 15 15.8 15.8
788 0.631 16 20 15.5 15 15.8 15.8
789 0.628 16 20 15.5 15 15.8 15.8
790 0.626 16 20 15.5 15 15.8 15.8
791 0.623 16 20.1 15.5 15 15.8 15.9
792 0.62 16 20 15.5 15 15.8 15.8
793 0.618 16 20 15.5 15 15.8 15.9
794 0.615 16 20.1 15.5 15 15.8 15.9
795 0.612 16 20.1 15.5 15 15.8 15.9
796 0.61 16 20.1 15.5 15 15.8 15.9
797 0.607 16 20.1 15.5 15 15.8 15.9
798 0.604 16 20.1 15.5 15.1 15.8 15.9
799 0.602 16 20.1 15.5 15 15.8 15.9
800 0.599 16.1 20.1 15.5 15 15.8 15.9
801 0.596 16.1 20.2 15.5 15.1 15.8 15.9
802 0.594 16.1 20.2 15.5 15.1 15.8 15.9
803 0.591 16.1 20.2 15.5 15.1 15.8 15.9
804 0.588 16.1 20.2 15.5 15.1 15.8 15.9
805 0.586 16.1 20.2 15.5 15.1 15.8 16
806 0.583 16.1 20.2 15.5 15.1 15.8 15.9
807 0.58 16.1 20.2 15.5 15.1 15.8 15.9
808 0.578 16.1 20.2 15.5 15.1 15.8 15.9
809 0.575 16.1 20.2 15.5 15.1 15.8 16
810 0.572 16.1 20.2 15.5 15.1 15.8 16
811 0.57 16.1 20.2 15.5 15.1 15.8 16
812 0.567 16.1 20.2 15.5 15.1 15.8 16
813 0.564 16.1 20.2 15.5 15.1 15.8 16
814 0.561 16.1 20.2 15.5 15.1 15.8 16
815 0.559 16.1 20.2 15.5 15.1 15.8 16
816 0.556 16.1 20.2 15.5 15.1 15.8 16
817 0.553 16.1 20.2 15.6 15.1 15.8 16
818 0.551 16.1 20.2 15.5 15.1 15.8 16
819 0.548 16.1 20.2 15.5 15.1 15.9 16
820 0.545 16.1 20.2 15.5 15.1 15.8 16
821 0.543 16.1 20.2 15.5 15.1 15.8 16
822 0.54 16.1 20.2 15.6 15.1 15.9 16
823 0.537 16.1 20.2 15.6 15.1 15.9 16.1
824 0.535 16.1 20.2 15.6 15.1 15.8 16
825 0.532 16.1 20.2 15.5 15.1 15.8 16
826 0.529 16.1 20.2 15.6 15.1 15.8 16
827 0.527 16.1 20.2 15.6 15.1 15.8 16
828 0.524 16.1 20.2 15.6 15.1 15.8 16
829 0.521 16.2 20.2 15.6 15.1 15.9 16
830 0.519 16.1 20.2 15.6 15.1 15.9 16
831 0.516 16.1 20.2 15.6 15.1 15.8 16
832 0.513 16.1 20.2 15.6 15.1 15.8 16
833 0.511 16.1 20.3 15.6 15.1 15.9 16
834 0.508 16.1 20.2 15.6 15.1 15.9 16
835 0.505 16.1 20.2 15.6 15.1 15.9 16
836 0.503 16.2 20.2 15.6 15.1 15.9 16
837 0.5 16.2 20.3 15.6 15.1 15.9 16.1
838 0.497 16.2 20.3 15.6 15.1 15.9 16.1
839 0.495 16.2 20.3 15.6 15.1 15.9 16.1
840 0.492 16.2 20.3 15.6 15.1 15.9 16.1
841 0.489 16.2 20.3 15.6 15.1 15.9 16.1
842 0.487 16.2 20.3 15.6 15.1 15.9 16
843 0.484 16.2 20.3 15.6 15.1 15.9 16.1
844 0.481 16.2 20.3 15.6 15.1 16 16.1
845 0.479 16.2 20.3 15.6 15.1 15.9 16.1
846 0.476 16.2 20.3 15.6 15.1 15.9 16.1
847 0.473 16.2 20.3 15.6 15.1 15.9 16.1
848 0.471 16.2 20.3 15.6 15.1 15.9 16.1
849 0.468 16.2 20.3 15.6 15.1 15.9 16.1
850 0.465 16.2 20.3 15.6 15.1 15.9 16.1
851 0.463 16.2 20.3 15.6 15.1 16 16.1
852 0.46 16.2 20.3 15.6 15.1 16 16.1
853 0.457 16.2 20.3 15.6 15.1 15.9 16.1
854 0.455 16.2 20.3 15.6 15.1 16 16.1
855 0.452 16.2 20.3 15.6 15.1 16 16.1
856 0.449 16.2 20.3 15.6 15.1 16 16.1
857 0.447 16.2 20.3 15.6 15.1 15.9 16.1
858 0.444 16.2 20.3 15.6 15.1 15.9 16.1
859 0.441 16.3 20.3 15.6 15.1 16 16.1
860 0.438 16.2 20.3 15.6 15.1 16 16.1
861 0.436 16.2 20.3 15.6 15.1 15.9 16.1
862 0.433 16.2 20.3 15.6 15.1 15.9 16.1
863 0.43 16.2 20.3 15.6 15.1 15.9 16.1
864 0.428 16.2 20.3 15.6 15.1 15.9 16.1
865 0.425 16.2 20.3 15.6 15.2 15.9 16.1
866 0.422 16.2 20.3 15.6 15.1 15.9 16.1
867 0.42 16.2 20.3 15.6 15.1 15.9 16.1
868 0.417 16.2 20.3 15.6 15.1 15.9 16.1
869 0.414 16.3 20.3 15.6 15.2 16 16.1
870 0.412 16.2 20.3 15.6 15.1 15.9 16.1
871 0.409 16.2 20.3 15.6 15.2 15.9 16.1
872 0.406 16.2 20.3 15.6 15.2 16 16.1
873 0.404 16.3 20.4 15.6 15.2 16 16.1
874 0.401 16.3 20.3 15.6 15.2 16 16.1
875 0.398 16.3 20.4 15.6 15.2 16 16.1
876 0.396 16.3 20.4 15.6 15.2 16 16.1
877 0.393 16.3 20.4 15.6 15.2 16 16.1
878 0.39 16.3 20.4 15.6 15.2 16 16.1
879 0.388 16.3 20.4 15.6 15.2 16 16.1
880 0.385 16.3 20.4 15.6 15.2 16 16.1
881 0.382 16.3 20.4 15.6 15.2 16 16.1
882 0.38 16.3 20.4 15.6 15.2 16 16.1
883 0.377 16.3 20.4 15.6 15.2 16 16.1
884 0.374 16.3 20.4 15.6 15.2 15.9 16.1
885 0.372 16.3 20.4 15.6 15.2 15.9 16.1
886 0.369 16.3 20.4 15.6 15.2 16 16.1
887 0.366 16.3 20.4 15.6 15.2 16 16.1
888 0.364 16.3 20.4 15.6 15.2 16 16.1
889 0.361 16.3 20.4 15.6 15.2 15.9 16.1
890 0.358 16.3 20.4 15.6 15.2 16 16.1
891 0.356 16.3 20.3 15.6 15.2 15.9 16.1
892 0.353 16.3 20.3 15.6 15.2 16 16.1
893 0.35 16.3 20.4 15.6 15.2 16 16.1
894 0.348 16.3 20.4 15.6 15.2 16 16.1
895 0.345 16.3 20.4 15.6 15.2 16 16.1
896 0.342 16.3 20.4 15.6 15.2 16 16.1
897 0.34 16.3 20.4 15.7 15.2 16.1 16.1
898 0.337 16.3 20.4 15.6 15.2 16 16.1
899 0.334 16.3 20.4 15.7 15.2 16 16.1
900 0.332 16.4 20.4 15.7 15.2 16.1 16.2
901 0.329 16.4 20.4 15.7 15.3 16.1 16.2
902 0.326 16.4 20.4 15.6 15.2 16.1 16.1
903 0.324 16.4 20.4 15.7 15.2 16 16.2
904 0.321 16.4 20.4 15.7 15.2 16 16.2
905 0.318 16.4 20.4 15.7 15.2 16.1 16.2
906 0.316 16.4 20.4 15.7 15.2 16.1 16.2
907 0.313 16.4 20.4 15.7 15.2 16.1 16.2
908 0.31 16.4 20.4 15.7 15.3 16.1 16.2
909 0.307 16.4 20.4 15.7 15.3 16.1 16.2
910 0.305 16.4 20.4 15.7 15.2 16.1 16.1
911 0.302 16.4 20.4 15.7 15.2 16.1 16.1
912 0.299 16.4 20.4 15.7 15.3 16.1 16.2
913 0.297 16.4 20.4 15.7 15.2 16.1 16.1
914 0.294 16.4 20.4 15.7 15.3 16.1 16.1
915 0.291 16.4 20.4 15.7 15.3 16.1 16.2
916 0.289 16.4 20.4 15.7 15.3 16.1 16.2
917 0.286 16.4 20.4 15.7 15.3 16.1 16.2
918 0.283 16.4 20.4 15.7 15.3 16.1 16.2
919 0.281 16.5 20.4 15.7 15.3 16.1 16.2
920 0.278 16.4 20.4 15.7 15.3 16.1 16.2
921 0.275 16.4 20.4 15.7 15.3 16.1 16.2
922 0.273 16.5 20.4 15.7 15.3 16.1 16.2
923 0.27 16.5 20.4 15.7 15.3 16.1 16.2
924 0.267 16.5 20.4 15.7 15.3 16.1 16.2
925 0.265 16.5 20.4 15.7 15.3 16.1 16.2
926 0.262 16.5 20.4 15.7 15.3 16.1 16.2
927 0.259 16.5 20.4 15.7 15.3 16.1 16.2
928 0.257 16.5 20.4 15.7 15.3 16.1 16.2
929 0.254 16.5 20.4 15.7 15.3 16.2 16.2
930 0.251 16.5 20.4 15.7 15.3 16.1 16.2
931 0.249 16.5 20.4 15.7 15.3 16.1 16.2
932 0.246 16.5 20.4 15.8 15.3 16.2 16.2
933 0.243 16.5 20.4 15.7 15.3 16.1 16.2
934 0.241 16.5 20.4 15.7 15.3 16.1 16.2
935 0.238 16.5 20.4 15.8 15.3 16.1 16.2
936 0.235 16.5 20.4 15.8 15.3 16.2 16.2
937 0.233 16.5 20.4 15.8 15.3 16.2 16.2
938 0.23 16.5 20.4 15.7 15.3 16.2 16.2
939 0.227 16.5 20.4 15.7 15.3 16.2 16.2
940 0.225 16.5 20.4 15.8 15.3 16.2 16.2
941 0.222 16.5 20.4 15.7 15.3 16.1 16.2
942 0.219 16.5 20.4 15.7 15.3 16.1 16.2
943 0.217 16.5 20.4 15.7 15.3 16.1 16.2
944 0.214 16.5 20.4 15.7 15.3 16.1 16.2
945 0.211 16.5 20.4 15.7 15.3 16.1 16.2
946 0.209 16.5 20.4 15.7 15.3 16.1 16.2
947 0.206 16.5 20.4 15.7 15.3 16.1 16.2
948 0.203 16.5 20.4 15.7 15.3 16.1 16.2
949 0.201 16.5 20.4 15.7 15.3 16.1 16.2
950 0.198 16.5 20.4 15.7 15.3 16.1 16.2
951 0.195 16.5 20.4 15.7 15.3 16.2 16.2
952 0.193 16.5 20.4 15.7 15.3 16.1 16.2
953 0.19 16.5 20.4 15.7 15.3 16.1 16.2
954 0.187 16.5 20.4 15.7 15.3 16.1 16.2
955 0.184 16.5 20.4 15.7 15.4 16.1 16.2
956 0.182 16.5 20.4 15.7 15.3 16.1 16.2
957 0.179 16.5 20.4 15.7 15.3 16.1 16.2
958 0.176 16.5 20.4 15.7 15.3 16.1 16.2
959 0.174 16.5 20.4 15.7 15.3 16.1 16.2
960 0.171 16.5 20.4 15.7 15.3 16.1 16.2
961 0.168 16.5 20.4 15.7 15.3 16.1 16.2
962 0.166 16.5 20.4 15.7 15.3 16 16.1
963 0.163 16.5 20.4 15.7 15.3 16 16.1
964 0.16 16.5 20.4 15.7 15.3 16.1 16.2
965 0.158 16.5 20.4 15.7 15.3 16.1 16.2
966 0.155 16.5 20.4 15.7 15.3 16.1 16.2
967 0.152 16.5 20.4 15.7 15.3 16.1 16.2
968 0.15 16.5 20.4 15.7 15.3 16.1 16.2
969 0.147 16.5 20.4 15.7 15.3 16.1 16.2
970 0.144 16.5 20.4 15.7 15.3 16.1 16.2
971 0.142 16.5 20.4 15.7 15.3 16.1 16.2
972 0.139 16.5 20.4 15.7 15.3 16.1 16.2
973 0.136 16.5 20.4 15.7 15.3 16.1 16.2
974 0.134 16.5 20.4 15.7 15.3 16.1 16.2
975 0.131 16.5 20.4 15.7 15.3 16.1 16.2
976 0.128 16.5 20.4 15.7 15.3 16.1 16.1
977 0.126 16.5 20.4 15.7 15.3 16.1 16.1
978 0.123 16.5 20.4 15.7 15.3 16.1 16.1
979 0.12 16.5 20.4 15.7 15.3 16.1 16.1
980 0.118 16.5 20.4 15.7 15.3 16.1 16.1
981 0.115 16.5 20.4 15.7 15.3 16.1 16.1
982 0.112 16.6 20.5 15.7 15.3 16.1 16.1
983 0.11 16.6 20.5 15.7 15.3 16.2 16.2
984 0.107 16.6 20.5 15.7 15.3 16.1 16.1
985 0.104 16.6 20.5 15.7 15.3 16.1 16.2
986 0.102 16.6 20.5 15.7 15.4 16.2 16.2
987 0.099 16.7 20.5 15.7 15.3 16.2 16.2
988 0.096 16.7 20.5 15.7 15.3 16.1 16.2
989 0.094 16.7 20.5 15.7 15.4 16.2 16.2
990 0.091 16.8 20.5 15.8 15.4 16.2 16.2
991 0.088 16.8 20.6 15.8 15.4 16.1 16.2
992 0.086 16.8 20.6 15.8 15.4 16.2 16.2
993 0.083 16.8 20.6 15.8 15.4 16.2 16.2
994 0.08 16.8 20.6 15.8 15.4 16.2 16.2
995 0.078 16.8 20.6 15.8 15.4 16.1 16.2
996 0.075 16.8 20.6 15.8 15.4 16.1 16.2
997 0.072 16.9 20.6 15.8 15.4 16.2 16.2
998 0.07 16.9 20.6 15.8 15.4 16.1 16.2
999 0.067 16.9 20.6 15.8 15.4 16.1 16.2
1000 0.064 17 20.6 15.8 15.4 16.2 16.2
1001 0.061 17.1 20.7 15.8 15.4 16.2 16.2
1002 0.059 17.1 20.7 15.8 15.4 16.1 16.2
1003 0.056 17.3 20.7 15.8 15.4 16.1 16.2
1004 0.053 17.4 20.7 15.8 15.4 16.2 16.2
1005 0.051 17.6 20.8 15.8 15.4 16.2 16.2
1006 0.048 17.8 20.8 15.8 15.4 16.2 16.2
1007 0.045 18 21.2 15.8 15.4 16.2 16.2
1008 0.043 18.3 21.9 15.8 15.4 16.2 16.2
1009 0.04 18.7 23.5 15.8 15.4 16.2 16.2
1010 0.037 19 26.7 15.8 15.4 16.1 16.2
1011 0.035 19.4 31.1 15.7 15.4 16.1 16.2
1012 0.032 19.9 34.9 15.7 15.4 16.1 16.2
1013 0.029 20.4 35.3 15.7 15.4 16.1 16.2
1014 0.027 20.9 32.4 15.7 15.4 16.1 16.2
1015 0.024 21.4 28.6 15.7 15.4 16.1 16.2
1016 0.021 22.1 25.7 15.7 15.4 16.1 16.2
1017 0.019 23 24.2 15.7 15.4 16.1 16.2
1018 0.016 23.9 24.6 15.7 15.4 16.2 16.2
1019 0.013 24.8 28.2 15.7 15.4 16.1 16.2
1020 0.011 25.7 38.5 15.7 15.4 16.1 16.2
1021 0.008 26.6 59.9 15.7 15.4 16.1 16.2
1022 0.005 27.8 77.8 15.7 15.4 16.1 16.2
1023 0.003 28.9 85.7 15.7 15.4 16.2 16.2
1024 0 30.5 98 15.8 15.4 16.1 16.3
1025 -0.003 31.2 96.8 15.8 15.3 16.1 16.3
1026 -0.005 32 80.6 15.7 15.3 16.1 16.2
1027 -0.008 32.8 58.9 15.7 15.3 16.1 16.2
1028 -0.011 33.6 43.5 15.7 15.3 16.1 16.3
1029 -0.013 34.4 34.1 15.7 15.3 16.1 16.2
1030 -0.016 35 28.7 15.7 15.3 16.1 16.2
1031 -0.019 35.7 25.7 15.7 15.3 16.1 16.3
1032 -0.021 36.1 23.9 15.7 15.3 16.1 16.3
1033 -0.024 36.5 22.9 15.7 15.3 16.1 16.3
1034 -0.027 37 22.3 15.7 15.3 16.1 16.3
1035 -0.029 37.8 21.9 15.7 15.3 16.1 16.4
1036 -0.032 38.4 21.6 15.7 15.3 16.1 16.4
1037 -0.035 38.8 21.5 15.7 15.3 16.1 16.5
1038 -0.037 39.2 21.4 15.8 15.4 16.2 16.6
1039 -0.04 39.3 21.3 15.8 15.4 16.2 16.6
1040 -0.043 39.4 21.2 15.7 15.4 16.2 16.6
1041 -0.045 39.6 21.2 15.7 15.4 16.2 16.7
1042 -0.048 39.6 21.1 15.7 15.4 16.2 16.8
1043 -0.051 39.6 21 15.8 15.4 16.2 16.8
1044 -0.053 39.7 21 15.8 15.3 16.1 16.9
1045 -0.056 39.7 21 15.8 15.4 16.2 17
1046 -0.059 39.6 20.9 15.8 15.3 16.2 17
1047 -0.061 39.7 20.9 15.7 15.3 16.2 17
1048 -0.064 39.8 20.9 15.7 15.3 16.2 17.1
1049 -0.067 39.9 20.9 15.7 15.3 16.2 17.2
1050 -0.07 39.9 20.8 15.7 15.3 16.1 17.3
1051 -0.072 39.8 20.8 15.7 15.3 16.1 17.3
1052 -0.075 39.6 20.8 15.7 15.3 16.1 17.4
1053 -0.078 39.5 20.8 15.7 15.3 16.1 17.5
1054 -0.08 39.7 20.8 15.7 15.3 16.1 17.5
1055 -0.083 39.7 20.8 15.7 15.3 16.1 17.6
1056 -0.086 38.9 20.8 15.7 15.3 16.1 17.6
1057 -0.088 38.1 20.8 15.7 15.3 16.2 17.7
1058 -0.091 37.5 20.8 15.7 15.3 16.1 17.7
1059 -0.094 37.6 20.8 15.7 15.3 16.1 17.7
1060 -0.096 37.8 20.8 15.7 15.3 16.2 17.7
1061 -0.099 37.6 20.8 15.7 15.3 16.2 17.8
1062 -0.102 37.2 20.7 15.7 15.3 16.2 17.8
1063 -0.104 36.6 20.7 15.7 15.3 16.1 17.8
1064 -0.107 35.5 20.7 15.7 15.3 16.1 17.8
1065 -0.11 33.9 20.7 15.7 15.3 16.1 17.7
1066 -0.112 32.8 20.7 15.7 15.3 16.1 17.7
1067 -0.115 32.5 20.7 15.7 15.3 16.1 17.8
1068 -0.118 32 20.7 15.7 15.3 16.1 17.8
1069 -0.12 31.2 20.7 15.7 15.3 16.1 17.8
1070 -0.123 30 20.7 15.7 15.3 16.1 17.8
1071 -0.126 28.9 20.7 15.7 15.3 16.2 17.8
1072 -0.128 27.8 20.7 15.7 15.3 16.1 17.8
1073 -0.131 27.2 20.7 15.7 15.3 16.1 17.8
1074 -0.134 26.4 20.7 15.8 15.4 16.2 17.8
1075 -0.136 25.4 20.7 15.7 15.4 16.2 17.8
1076 -0.139 24.6 20.7 15.7 15.4 16.2 17.8
1077 -0.142 23.7 20.7 15.7 15.4 16.2 17.8
1078 -0.144 23 20.7 15.7 15.4 16.2 17.8
1079 -0.147 22.3 20.7 15.8 15.4 16.2 17.8
1080 -0.15 21.7 20.7 15.8 15.4 16.2 17.9
1081 -0.152 21.2 20.7 15.8 15.4 16.2 17.9
1082 -0.155 20.6 20.7 15.7 15.4 16.2 17.9
1083 -0.158 20.2 20.7 15.7 15.4 16.2 17.8
1084 -0.16 19.8 20.7 15.8 15.4 16.2 17.9
1085 -0.163 19.6 20.7 15.8 15.4 16.2 17.9
1086 -0.166 19.3 20.7 15.8 15.4 16.2 17.8
1087 -0.168 19.1 20.7 15.8 15.4 16.2 17.8
1088 -0.171 18.9 20.7 15.8 15.4 16.2 17.8
1089 -0.174 18.8 20.7 15.8 15.4 16.2 17.8
1090 -0.176 18.6 20.7 15.8 15.4 16.2 17.8
1091 -0.179 18.5 20.7 15.8 15.4 16.2 17.8
1092 -0.182 18.5 20.7 15.8 15.4 16.2 17.7
1093 -0.184 18.3 20.7 15.8 15.4 16.2 17.7
1094 -0.187 18.2 20.7 15.8 15.4 16.2 17.6
1095 -0.19 18.2 20.7 15.8 15.4 16.2 17.5
1096 -0.193 18.1 20.7 15.8 15.4 16.2 17.5
1097 -0.195 18.1 20.7 15.8 15.4 16.2 17.4
1098 -0.198 17.9 20.7 15.8 15.4 16.2 17.4
1099 -0.201 17.8 20.7 15.8 15.4 16.2 17.3
1100 -0.203 17.7 20.7 15.8 15.4 16.2 17.2
1101 -0.206 17.6 20.7 15.8 15.4 16.2 17.1
1102 -0.209 17.6 20.7 15.8 15.4 16.2 17.1
1103 -0.211 17.5 20.7 15.8 15.4 16.2 17
1104 -0.214 17.4 20.7 15.8 15.4 16.2 16.9
1105 -0.217 17.3 20.7 15.8 15.4 16.2 16.9
1106 -0.219 17.3 20.7 15.8 15.4 16.2 16.9
1107 -0.222 17.3 20.7 15.8 15.4 16.2 16.8
1108 -0.225 17.2 20.7 15.8 15.4 16.2 16.7
1109 -0.227 17.1 20.7 15.8 15.4 16.2 16.7
1110 -0.23 17.1 20.7 15.8 15.4 16.2 16.6
1111 -0.233 17 20.7 15.8 15.4 16.2 16.6
1112 -0.235 16.9 20.7 15.8 15.4 16.2 16.6
1113 -0.238 16.9 20.7 15.8 15.4 16.2 16.6
1114 -0.241 16.9 20.7 15.8 15.4 16.2 16.5
1115 -0.243 16.9 20.7 15.8 15.4 16.2 16.5
1116 -0.246 16.9 20.7 15.8 15.4 16.2 16.5
1117 -0.249 16.8 20.7 15.8 15.4 16.2 16.5
1118 -0.251 16.8 20.6 15.8 15.4 16.2 16.5
1119 -0.254 16.8 20.7 15.8 15.4 16.2 16.5
1120 -0.257 16.8 20.7 15.8 15.4 16.2 16.5
1121 -0.259 16.8 20.7 15.8 15.4 16.2 16.5
1122 -0.262 16.7 20.7 15.8 15.4 16.2 16.4
1123 -0.265 16.7 20.7 15.8 15.4 16.2 16.4
1124 -0.267 16.7 20.7 15.8 15.4 16.2 16.4
1125 -0.27 16.7 20.7 15.8 15.4 16.2 16.4
1126 -0.273 16.7 20.7 15.8 15.4 16.2 16.4
1127 -0.275 16.7 20.7 15.8 15.4 16.2 16.4
1128 -0.278 16.7 20.7 15.8 15.4 16.2 16.4
1129 -0.281 16.6 20.7 15.8 15.4 16.2 16.4
1130 -0.283 16.6 20.7 15.8 15.4 16.2 16.3
1131 -0.286 16.6 20.7 15.8 15.4 16.2 16.4
1132 -0.289 16.6 20.7 15.8 15.4 16.2 16.3
1133 -0.291 16.6 20.6 15.8 15.4 16.2 16.3
1134 -0.294 16.6 20.6 15.8 15.4 16.2 16.3
1135 -0.297 16.6 20.6 15.8 15.4 16.2 16.3
1136 -0.299 16.5 20.6 15.8 15.4 16.2 16.2
1137 -0.302 16.5 20.6 15.8 15.4 16.1 16.2
1138 -0.305 16.5 20.6 15.8 15.4 16.2 16.2
1139 -0.307 16.5 20.6 15.8 15.4 16.2 16.2
1140 -0.31 16.5 20.6 15.8 15.4 16.2 16.2
1141 -0.313 16.5 20.6 15.8 15.4 16.2 16.2
1142 -0.316 16.5 20.6 15.8 15.4 16.2 16.2
1143 -0.318 16.5 20.6 15.8 15.4 16.2 16.2
1144 -0.321 16.5 20.6 15.8 15.4 16.2 16.2
1145 -0.324 16.5 20.6 15.8 15.4 16.2 16.2
1146 -0.326 16.5 20.6 15.8 15.4 16.2 16.2
1147 -0.329 16.5 20.6 15.8 15.4 16.2 16.2
1148 -0.332 16.5 20.6 15.8 15.4 16.2 16.2
1149 -0.334 16.5 20.6 15.8 15.4 16.2 16.2
1150 -0.337 16.4 20.6 15.8 15.4 16.2 16.2
1151 -0.34 16.5 20.6 15.8 15.4 16.2 16.2
1152 -0.342 16.5 20.6 15.9 15.4 16.2 16.2
1153 -0.345 16.5 20.6 15.9 15.4 16.2 16.2
1154 -0.348 16.4 20.6 16 15.4 16.2 16.2
1155 -0.35 16.4 20.6 16.1 15.4 16.2 16.2
1156 -0.353 16.4 20.6 16.1 15.4 16.2 16.2
1157 -0.356 16.4 20.6 16.2 15.4 16.2 16.2
1158 -0.358 16.4 20.6 16.3 15.4 16.2 16.2
1159 -0.361 16.4 20.6 16.5 15.4 16.2 16.2
1160 -0.364 16.4 20.6 16.6 15.4 16.1 16.1
1161 -0.366 16.4 20.5 16.7 15.4 16.1 16.1
1162 -0.369 16.4 20.5 16.7 15.4 16.2 16.1
1163 -0.372 16.4 20.5 16.8 15.4 16.2 16.2
1164 -0.374 16.4 20.5 16.8 15.4 16.1 16.1
1165 -0.377 16.4 20.5 16.9 15.4 16.2 16.2
1166 -0.38 16.4 20.5 17.2 15.4 16.2 16.2
1167 -0.382 16.4 20.5 17.4 15.4 16.2 16.2
1168 -0.385 16.4 20.5 17.6 15.4 16.2 16.2
1169 -0.388 16.4 20.5 17.6 15.4 16.2 16.2
1170 -0.39 16.4 20.5 17.7 15.4 16.2 16.2
1171 -0.393 16.4 20.5 17.7 15.4 16.2 16.2
1172 -0.396 16.4 20.5 17.7 15.4 16.2 16.2
1173 -0.398 16.4 20.5 17.8 15.4 16.2 16.2
1174 -0.401 16.4 20.5 17.8 15.4 16.2 16.2
1175 -0.404 16.4 20.5 17.8 15.4 16.2 16.2
1176 -0.406 16.4 20.5 17.7 15.4 16.2 16.2
1177 -0.409 16.4 20.5 17.8 15.4 16.2 16.2
1178 -0.412 16.4 20.5 17.8 15.4 16.1 16.1
1179 -0.414 16.4 20.5 17.8 15.4 16.2 16.1
1180 -0.417 16.4 20.5 17.8 15.4 16.2 16.2
1181 -0.42 16.4 20.5 17.8 15.4 16.2 16.2
1182 -0.422 16.4 20.5 17.8 15.4 16.2 16.2
1183 -0.425 16.4 20.5 17.8 15.4 16.2 16.2
1184 -0.428 16.4 20.5 17.8 15.4 16.2 16.2
1185 -0.43 16.4 20.5 17.8 15.4 16.2 16.2
1186 -0.433 16.4 20.5 17.8 15.4 16.2 16.2
1187 -0.436 16.4 20.5 17.8 15.4 16.2 16.2
1188 -0.438 16.4 20.5 17.8 15.4 16.2 16.2
1189 -0.441 16.4 20.5 17.8 15.4 16.2 16.2
1190 -0.444 16.4 20.5 17.8 15.4 16.2 16.2
1191 -0.447 16.4 20.5 17.8 15.4 16.2 16.2
1192 -0.449 16.4 20.5 17.8 15.4 16.2 16.2
1193 -0.452 16.4 20.5 17.7 15.4 16.2 16.3
1194 -0.455 16.4 20.5 17.7 15.4 16.2 16.3
1195 -0.457 16.4 20.5 17.7 15.4 16.2 16.3
1196 -0.46 16.4 20.5 17.6 15.4 16.2 16.3
1197 -0.463 16.4 20.5 17.5 15.4 16.2 16.4
1198 -0.465 16.4 20.5 17.4 15.4 16.2 16.4
1199 -0.468 16.4 20.5 17.2 15.4 16.2 16.4
1200 -0.471 16.4 20.5 17 15.4 16.2 16.4
1201 -0.473 16.4 20.5 16.9 15.4 16.2 16.4
1202 -0.476 16.4 20.6 16.9 15.4 16.2 16.5
1203 -0.479 16.4 20.6 16.8 15.4 16.2 16.5
1204 -0.481 16.4 20.6 16.8 15.4 16.2 16.5
1205 -0.484 16.4 20.6 16.8 15.4 16.2 16.5
1206 -0.487 16.4 20.6 16.7 15.4 16.2 16.5
1207 -0.489 16.4 20.6 16.5 15.4 16.2 16.5
1208 -0.492 16.4 20.6 16.3 15.4 16.2 16.5
1209 -0.495 16.4 20.6 16.2 15.4 16.2 16.5
1210 -0.497 16.4 20.6 16.1 15.4 16.2 16.5
1211 -0.5 16.4 20.6 16.1 15.4 16.2 16.5
1212 -0.503 16.4 20.6 16 15.4 16.2 16.5
1213 -0.505 16.4 20.6 16 15.4 16.2 16.5
1214 -0.508 16.4 20.6 16 15.5 16.2 16.5
1215 -0.511 16.4 20.6 16 15.5 16.3 16.5
1216 -0.513 16.4 20.6 16 15.5 16.3 16.5
1217 -0.516 16.4 20.6 16 15.5 16.3 16.5
1218 -0.519 16.4 20.6 16 15.4 16.3 16.5
1219 -0.521 16.4 20.6 15.9 15.4 16.3 16.5
1220 -0.524 16.4 20.6 16 15.4 16.3 16.5
1221 -0.527 16.4 20.6 15.9 15.4 16.3 16.5
1222 -0.529 16.4 20.6 15.9 15.4 16.3 16.5
1223 -0.532 16.4 20.6 15.9 15.5 16.3 16.5
1224 -0.535 16.4 20.6 15.9 15.4 16.3 16.5
1225 -0.537 16.4 20.6 15.9 15.4 16.3 16.5
1226 -0.54 16.4 20.6 15.9 15.4 16.3 16.5
1227 -0.543 16.4 20.6 15.9 15.5 16.3 16.5
1228 -0.545 16.4 20.6 15.9 15.4 16.3 16.5
1229 -0.548 16.4 20.6 15.9 15.4 16.3 16.5
1230 -0.551 16.4 20.6 15.9 15.5 16.3 16.5
1231 -0.553 16.4 20.6 15.9 15.5 16.3 16.5
1232 -0.556 16.4 20.6 15.9 15.5 16.3 16.5
1233 -0.559 16.4 20.6 15.9 15.5 16.3 16.5
1234 -0.561 16.4 20.6 15.9 15.4 16.3 16.5
1235 -0.564 16.4 20.6 15.9 15.4 16.3 16.5
1236 -0.567 16.4 20.6 15.9 15.4 16.3 16.5
1237 -0.57 16.4 20.6 15.9 15.4 16.3 16.5
1238 -0.572 16.4 20.6 15.9 15.4 16.3 16.5
1239 -0.575 16.4 20.6 15.9 15.4 16.3 16.5
1240 -0.578 16.4 20.6 15.9 15.4 16.3 16.5
1241 -0.58 16.4 20.6 15.9 15.5 16.3 16.5
1242 -0.583 16.4 20.6 15.9 15.4 16.3 16.5
1243 -0.586 16.4 20.6 15.9 15.4 16.3 16.5
1244 -0.588 16.4 20.6 15.9 15.5 16.4 16.5
1245 -0.591 16.4 20.7 15.9 15.5 16.5 16.5
1246 -0.594 16.4 20.6 15.9 15.5 16.5 16.4
1247 -0.596 16.4 20.6 15.9 15.5 16.6 16.4
1248 -0.599 16.4 20.6 15.9 15.5 16.8 16.4
1249 -0.602 16.4 20.6 15.9 15.5 17.2 16.4
1250 -0.604 16.4 20.6 15.9 15.4 17.4 16.4
1251 -0.607 16.4 20.6 15.9 15.4 17.5 16.3
1252 -0.61 16.4 20.6 15.9 15.4 17.4 16.3
1253 -0.612 16.4 20.6 15.9 15.5 17.3 16.3
1254 -0.615 16.4 20.6 15.9 15.4 17 16.3
1255 -0.618 16.4 20.6 15.9 15.5 16.7 16.3
1256 -0.62 16.4 20.6 15.9 15.5 16.6 16.3
1257 -0.623 16.4 20.6 15.9 15.5 16.5 16.3
1258 -0.626 16.4 20.6 15.9 15.5 16.5 16.3
1259 -0.628 16.4 20.6 15.9 15.5 16.5 16.3
1260 -0.631 16.4 20.6 15.9 15.4 16.4 16.2
1261 -0.634 16.4 20.6 15.9 15.5 16.4 16.2
1262 -0.636 16.4 20.6 15.9 15.4 16.3 16.2
1263 -0.639 16.4 20.6 15.9 15.4 16.3 16.2
1264 -0.642 16.4 20.6 15.9 15.4 16.3 16.2
1265 -0.644 16.4 20.6 15.9 15.4 16.3 16.2
1266 -0.647 16.4 20.6 15.9 15.5 16.3 16.2
1267 -0.65 16.4 20.6 15.9 15.5 16.3 16.2
1268 -0.652 16.4 20.6 15.9 15.4 16.3 16.2
1269 -0.655 16.3 20.6 15.9 15.4 16.3 16.2
1270 -0.658 16.3 20.6 15.9 15.4 16.3 16.2
1271 -0.66 16.3 20.6 15.9 15.4 16.2 16.2
1272 -0.663 16.3 20.6 15.9 15.4 16.2 16.2
1273 -0.666 16.4 20.6 15.9 15.5 16.2 16.2
1274 -0.668 16.3 20.6 15.9 15.4 16.2 16.2
1275 -0.671 16.3 20.6 15.9 15.4 16.2 16.2
1276 -0.674 16.3 20.6 15.9 15.5 16.2 16.2
1277 -0.676 16.3 20.6 15.9 15.5 16.2 16.2
1278 -0.679 16.3 20.6 15.9 15.4 16.2 16.2
1279 -0.682 16.3 20.6 15.9 15.4 16.2 16.2
1280 -0.684 16.3 20.6 15.9 15.4 16.2 16.2
1281 -0.687 16.3 20.6 15.9 15.5 16.3 16.2
1282 -0.69 16.3 20.6 15.9 15.5 16.2 16.2
1283 -0.692 16.3 20.6 15.9 15.5 16.3 16.2
1284 -0.695 16.3 20.6 15.9 15.5 16.2 16.2
1285 -0.698 16.3 20.6 15.9 15.5 16.2 16.2
1286 -0.701 16.3 20.6 15.9 15.5 16.2 16.2
1287 -0.703 16.3 20.6 15.9 15.5 16.2 16.2
1288 -0.706 16.3 20.6 15.9 15.5 16.2 16.2
1289 -0.709 16.3 20.6 15.9 15.5 16.2 16.2
1290 -0.711 16.3 20.6 15.9 15.5 16.2 16.2
1291 -0.714 16.3 20.6 15.9 15.5 16.2 16.2
1292 -0.717 16.3 20.6 15.9 15.6 16.2 16.2
1293 -0.719 16.3 20.6 15.8 16 16.2 16.2
1294 -0.722 16.3 20.6 15.9 16.5 16.2 16.2
1295 -0.725 16.3 20.6 15.9 17.2 16.3 16.2
1296 -0.727 16.3 20.6 15.9 17.6 16.3 16.2
1297 -0.73 16.3 20.6 15.9 17.9 16.2 16.2
1298 -0.733 16.3 20.6 15.9 18.1 16.2 16.2
1299 -0.735 16.3 20.6 15.9 18.9 16.2 16.2
1300 -0.738 16.3 20.6 15.9 20.7 16.2 16.2
1301 -0.741 16.3 20.6 15.9 24.1 16.2 16.2
1302 -0.743 16.3 20.6 15.9 28.2 16.2 16.2
1303 -0.746 16.3 20.6 15.9 30.3 16.2 16.2
1304 -0.749 16.3 20.6 15.9 29.4 16.2 16.2
1305 -0.751 16.3 20.6 15.9 26.8 16.2 16.2
1306 -0.754 16.3 20.6 15.9 23.7 16.2 16.2
1307 -0.757 16.3 20.6 15.9 20.9 16.2 16.2
1308 -0.759 16.3 20.6 15.9 19 16.3 16.2
1309 -0.762 16.3 20.6 15.9 17.8 16.3 16.2
1310 -0.765 16.3 20.6 15.9 16.9 16.3 16.2
1311 -0.767 16.3 20.6 15.9 16.5 16.2 16.2
1312 -0.77 16.3 20.6 15.9 16.1 16.3 16.2
1313 -0.773 16.3 20.6 15.9 15.9 16.3 16.2
1314 -0.775 16.3 20.6 15.9 15.8 16.3 16.2
1315 -0.778 16.3 20.6 15.9 15.8 16.3 16.2
1316 -0.781 16.3 20.6 15.9 15.8 16.3 16.2
1317 -0.783 16.3 20.6 15.9 15.7 16.3 16.2
1318 -0.786 16.3 20.6 15.9 15.7 16.3 16.2
1319 -0.789 16.3 20.6 15.9 15.7 16.3 16.2
1320 -0.791 16.3 20.6 15.9 15.6 16.3 16.2
1321 -0.794 16.3 20.6 15.9 15.6 16.3 16.2
1322 -0.797 16.3 20.6 15.9 15.6 16.3 16.2
1323 -0.799 16.3 20.6 15.9 15.5 16.3 16.2
1324 -0.802 16.3 20.6 15.9 15.5 16.3 16.2
1325 -0.805 16.3 20.6 15.9 15.5 16.3 16.2
1326 -0.807 16.3 20.6 15.9 15.5 16.3 16.2
1327 -0.81 16.3 20.6 15.9 15.5 16.3 16.2
1328 -0.813 16.3 20.6 15.9 15.5 16.2 16.1
1329 -0.815 16.3 20.6 15.9 15.5 16.2 16.1
1330 -0.818 16.3 20.6 15.9 15.5 16.2 16.1
1331 -0.821 16.3 20.6 15.9 15.5 16.3 16.1
1332 -0.823 16.2 20.6 15.9 15.4 16.2 16.1
1333 -0.826 16.2 20.6 15.9 15.4 16.2 16.1
1334 -0.829 16.2 20.6 15.9 15.5 16.2 16.1
1335 -0.831 16.2 20.6 15.9 15.4 16.2 16.1
1336 -0.834 16.2 20.6 15.9 15.5 16.2 16.1
1337 -0.837 16.2 20.6 15.9 15.5 16.2 16.1
1338 -0.84 16.2 20.6 15.9 15.5 16.2 16.1
1339 -0.842 16.2 20.6 15.9 15.5 16.2 16.1
1340 -0.845 16.2 20.5 15.9 15.5 16.2 16.1
1341 -0.848 16.2 20.5 15.9 15.5 16.2 16.1
1342 -0.85 16.2 20.5 15.9 15.4 16.2 16.1
1343 -0.853 16.2 20.5 15.9 15.4 16.2 16.1
1344 -0.856 16.2 20.5 15.9 15.4 16.2 16.1
1345 -0.858 16.2 20.5 15.9 15.4 16.2 16.1
1346 -0.861 16.2 20.5 15.9 15.4 16.2 16.1
1347 -0.864 16.2 20.5 15.9 15.4 16.2 16.1
1348 -0.866 16.2 20.5 15.9 15.4 16.2 16.1
1349 -0.869 16.2 20.5 15.9 15.4 16.2 16.1
1350 -0.872 16.2 20.5 15.9 15.4 16.2 16.1
1351 -0.874 16.2 20.5 15.9 15.4 16.2 16.1
1352 -0.877 16.2 20.5 15.9 15.4 16.2 16.1
1353 -0.88 16.2 20.5 15.9 15.4 16.2 16.1
1354 -0.882 16.2 20.5 15.9 15.4 16.2 16.1
1355 -0.885 16.2 20.5 15.9 15.4 16.2 16.1
1356 -0.888 16.2 20.5 15.9 15.4 16.2 16.1
1357 -0.89 16.2 20.5 15.9 15.4 16.2 16.1
1358 -0.893 16.2 20.5 15.9 15.4 16.2 16.1
1359 -0.896 16.2 20.5 15.9 15.4 16.2 16.1
1360 -0.898 16.2 20.5 15.9 15.4 16.2 16.1
1361 -0.901 16.2 20.5 15.9 15.4 16.2 16.1
1362 -0.904 16.2 20.5 15.9 15.4 16.2 16.1
1363 -0.906 16.2 20.5 15.9 15.4 16.2 16.1
1364 -0.909 16.2 20.5 15.9 15.5 16.2 16.1
1365 -0.912 16.2 20.5 15.9 15.5 16.2 16.2
1366 -0.914 16.2 20.5 15.9 15.4 16.2 16.1
1367 -0.917 16.2 20.5 15.9 15.4 16.2 16.1
1368 -0.92 16.2 20.5 15.9 15.5 16.2 16.1
1369 -0.922 16.2 20.5 15.9 15.4 16.2 16.1
1370 -0.925 16.2 20.5 15.9 15.5 16.2 16.1
1371 -0.928 16.2 20.5 15.9 15.4 16.2 16.1
1372 -0.93 16.2 20.5 15.9 15.4 16.2 16.1
1373 -0.933 16.2 20.5 15.9 15.5 16.2 16.1
1374 -0.936 16.2 20.5 15.9 15.4 16.2 16.1
1375 -0.938 16.1 20.5 15.9 15.4 16.2 16.1
1376 -0.941 16.1 20.5 15.9 15.4 16.2 16.1
1377 -0.944 16.1 20.5 15.9 15.4 16.2 16.1
1378 -0.946 16.1 20.5 15.9 15.4 16.2 16.1
1379 -0.949 16.1 20.5 15.9 15.4 16.2 16.1
1380 -0.952 16.1 20.5 15.9 15.4 16.2 16.1
1381 -0.954 16.1 20.5 15.9 15.4 16.2 16.1
1382 -0.957 16.1 20.5 15.9 15.4 16.2 16.1
1383 -0.96 16.1 20.5 15.9 15.4 16.2 16.1
1384 -0.962 16.1 20.5 15.9 15.4 16.2 16.1
1385 -0.965 16.1 20.5 15.9 15.4 16.2 16.1
1386 -0.968 16.1 20.5 15.9 15.4 16.2 16
1387 -0.97 16.1 20.5 15.9 15.4 16.2 16
1388 -0.973 16.1 20.5 15.9 15.4 16.3 16
1389 -0.976 16.1 20.5 15.9 15.4 16.3 16
1390 -0.979 16.1 20.5 15.9 15.4 16.3 16
1391 -0.981 16.1 20.5 15.9 15.4 16.3 16.1
1392 -0.984 16.1 20.5 15.9 15.4 16.2 16
1393 -0.987 16.1 20.5 15.9 15.4 16.2 16
1394 -0.989 16.1 20.5 15.9 15.4 16.2 16.1
1395 -0.992 16.1 20.5 15.9 15.4 16.2 16.1
1396 -0.995 16.1 20.5 15.9 15.4 16.2 16
1397 -0.997 16.1 20.5 15.9 15.4 16.2 16.1
1398 -1 16.1 20.5 15.9 15.4 16.2 16.1
1399 -1.003 16.1 20.5 15.9 15.4 16.2 16.1
1400 -1.005 16.1 20.5 15.9 15.4 16.2 16.1
1401 -1.008 16.1 20.5 15.9 15.4 16.2 16.1
1402 -1.011 16.1 20.5 15.9 15.4 16.2 16
1403 -1.013 16.1 20.5 15.9 15.4 16.2 16
1404 -1.016 16.1 20.5 15.9 15.4 16.2 16
1405 -1.019 16.1 20.5 15.9 15.4 16.2 16.1
1406 -1.021 16.1 20.5 15.9 15.4 16.2 16
1407 -1.024 16.1 20.5 15.9 15.4 16.2 16
1408 -1.027 16.1 20.5 15.9 15.4 16.2 16
1409 -1.029 16.1 20.5 15.9 15.4 16.2 16
1410 -1.032 16.1 20.5 15.9 15.4 16.2 16
1411 -1.035 16.1 20.5 15.9 15.4 16.2 16.1
1412 -1.037 16.1 20.5 15.9 15.4 16.2 16.1
1413 -1.04 16.1 20.5 15.9 15.4 16.2 16
1414 -1.043 16.1 20.5 15.9 15.4 16.2 16
1415 -1.045 16.1 20.5 15.9 15.4 16.2 16
1416 -1.048 16.1 20.5 15.9 15.4 16.2 16
1417 -1.051 16.1 20.5 15.9 15.4 16.2 16
1418 -1.053 16.1 20.5 15.9 15.4 16.2 16
1419 -1.056 16.1 20.5 15.9 15.4 16.2 16
1420 -1.059 16.1 20.5 15.9 15.4 16.2 16
1421 -1.061 16.1 20.5 15.9 15.4 16.2 16
1422 -1.064 16.1 20.5 15.9 15.4 16.2 16
1423 -1.067 16.1 20.5 15.9 15.4 16.2 16.1
1424 -1.069 16.1 20.5 15.9 15.4 16.2 16.1
1425 -1.072 16 20.5 15.9 15.4 16.2 16.1
1426 -1.075 16.1 20.5 15.9 15.4 16.2 16.1
1427 -1.077 16 20.5 15.9 15.4 16.2 16
1428 -1.08 16.1 20.5 15.9 15.4 16.2 16
1429 -1.083 16.1 20.5 15.9 15.4 16.2 16.1
1430 -1.085 16.1 20.5 15.9 15.4 16.2 16.1
1431 -1.088 16.1 20.5 15.9 15.4 16.2 16
1432 -1.091 16.1 20.5 15.9 15.4 16.2 16
1433 -1.093 16.1 20.5 15.9 15.4 16.2 16.1
1434 -1.096 16 20.5 15.9 15.4 16.2 16
1435 -1.099 16 20.5 15.9 15.4 16.2 16
1436 -1.101 16.1 20.5 15.9 15.4 16.2 16
1437 -1.104 16.1 20.5 15.9 15.4 16.2 16
1438 -1.107 16 20.5 15.9 15.4 16.2 16
1439 -1.109 16 20.4 15.9 15.4 16.2 16
1440 -1.112 16 20.4 15.9 15.4 16.2 16
1441 -1.115 16 20.4 15.9 15.4 16.2 16
1442 -1.118 16 20.4 15.9 15.4 16.2 16
1443 -1.12 16.1 20.4 15.9 15.5 16.2 16.1
1444 -1.123 16.1 20.5 15.9 15.4 16.2 16.1
1445 -1.126 16.1 20.5 16 15.4 16.2 16.1
1446 -1.128 16.1 20.5 15.9 15.4 16.2 16.1
1447 -1.131 16.1 20.5 15.9 15.4 16.2 16.1
1448 -1.134 16.1 20.5 15.9 15.4 16.2 16
1449 -1.136 16.1 20.5 15.9 15.4 16.2 16
1450 -1.139 16.1 20.5 15.9 15.4 16.2 16
1451 -1.142 16.1 20.5 15.9 15.4 16.2 16.1
1452 -1.144 16.1 20.4 15.9 15.4 16.2 16.1
1453 -1.147 16.1 20.4 15.9 15.4 16.2 16
1454 -1.15 16 20.4 15.9 15.4 16.2 16
1455 -1.152 16.1 20.4 15.9 15.4 16.2 16
1456 -1.155 16 20.4 15.9 15.4 16.1 15.9
1457 -1.158 16 20.4 15.9 15.4 16.2 15.9
1458 -1.16 16.1 20.4 15.9 15.4 16.2 16
1459 -1.163 16.1 20.4 15.9 15.4 16.2 16
1460 -1.166 16 20.4 15.9 15.4 16.1 16
1461 -1.168 16 20.4 15.9 15.4 16.1 16
1462 -1.171 16.1 20.4 15.9 15.4 16.2 16
1463 -1.174 16 20.4 15.9 15.4 16.2 16
1464 -1.176 16.1 20.4 15.9 15.4 16.2 16
1465 -1.179 16.1 20.4 15.9 15.4 16.2 16
1466 -1.182 16 20.4 15.9 15.4 16.2 16
1467 -1.184 16 20.4 15.9 15.4 16.2 15.9
1468 -1.187 16 20.4 15.9 15.4 16.2 15.9
1469 -1.19 16.1 20.4 15.9 15.4 16.2 16
1470 -1.192 16 20.4 15.9 15.4 16.1 15.9
1471 -1.195 16 20.4 15.9 15.4 16.1 15.9
1472 -1.198 16 20.4 15.9 15.4 16.2 15.9
1473 -1.2 16 20.4 15.9 15.4 16.2 15.9
1474 -1.203 16 20.4 15.9 15.4 16.2 15.9
1475 -1.206 16 20.4 15.9 15.4 16.2 15.9
1476 -1.208 16 20.4 15.9 15.4 16.2 16
1477 -1.211 16 20.4 15.9 15.4 16.2 15.9
1478 -1.214 16 20.4 15.9 15.4 16.2 15.9
1479 -1.216 16 20.4 15.9 15.4 16.2 15.9
1480 -1.219 16 20.4 15.9 15.4 16.2 15.9
1481 -1.222 16 20.4 15.9 15.4 16.2 15.9
1482 -1.224 16 20.4 15.9 15.4 16.2 15.9
1483 -1.227 16 20.4 15.9 15.4 16.2 15.9
1484 -1.23 16 20.4 15.9 15.4 16.1 15.9
1485 -1.232 16 20.4 15.8 15.4 16.1 15.9
1486 -1.235 16 20.4 15.8 15.4 16.1 15.9
1487 -1.238 16 20.4 15.8 15.4 16.1 15.9
1488 -1.24 15.9 20.4 15.8 15.4 16.1 15.9
1489 -1.243 16 20.4 15.8 15.4 16.1 15.9
1490 -1.246 16 20.4 15.8 15.4 16.1 15.9
1491 -1.248 16 20.4 15.8 15.4 16.1 15.9
1492 -1.251 15.9 20.4 15.8 15.4 16.1 15.9
1493 -1.254 16 20.4 15.8 15.4 16.1 15.9
1494 -1.256 16 20.4 15.8 15.4 16.1 15.9
1495 -1.259 16 20.4 15.8 15.4 16.1 15.9
1496 -1.262 16 20.4 15.8 15.4 16.1 15.8
1497 -1.265 16 20.4 15.8 15.4 16.1 15.9
1498 -1.267 15.9 20.4 15.8 15.4 16 15.8
1499 -1.27 15.9 20.4 15.8 15.4 16.1 15.8
1500 -1.273 16 20.4 15.8 15.4 16.1 15.9
1501 -1.275 16 20.4 15.8 15.4 16.1 15.9
1502 -1.278 16 20.4 15.8 15.4 16.1 15.9
1503 -1.281 16 20.4 15.8 15.4 16.2 15.9
1504 -1.283 16 20.4 15.8 15.4 16.2 15.9
1505 -1.286 16 20.4 15.8 15.4 16.2 15.9
1506 -1.289 16 20.4 15.8 15.4 16.2 15.9
1507 -1.291 16 20.4 15.9 15.4 16.1 15.9
1508 -1.294 16 20.4 15.9 15.4 16.2 15.9
1509 -1.297 16 20.4 15.8 15.4 16.2 15.9
1510 -1.299 16 20.4 15.8 15.4 16.1 15.9
1511 -1.302 16 20.4 15.9 15.4 16.1 15.9
1512 -1.305 16 20.4 15.8 15.4 16.1 15.9
1513 -1.307 16 20.4 15.8 15.4 16.1 15.9
1514 -1.31 16 20.4 15.8 15.4 16.1 15.9
1515 -1.313 16 20.4 15.9 15.4 16.2 15.9
1516 -1.315 16 20.4 15.8 15.4 16.1 15.9
1517 -1.318 15.9 20.4 15.8 15.4 16.1 15.9
1518 -1.321 15.9 20.4 15.8 15.4 16.1 15.9
1519 -1.323 15.9 20.4 15.9 15.4 16.1 15.9
1520 -1.326 15.9 20.4 15.8 15.4 16.1 15.8
1521 -1.329 15.9 20.4 15.8 15.4 16.1 15.8
1522 -1.331 15.9 20.4 15.8 15.4 16.1 15.9
1523 -1.334 15.9 20.4 15.8 15.4 16.1 15.9
1524 -1.337 15.9 20.4 15.8 15.4 16.1 15.8
1525 -1.339 15.9 20.4 15.8 15.4 16.1 15.9
1526 -1.342 16 20.4 15.8 15.4 16.1 15.9
1527 -1.345 15.9 20.4 15.8 15.4 16.1 15.9
1528 -1.347 16 20.4 15.8 15.4 16.1 15.9
1529 -1.35 16 20.4 15.8 15.4 16.1 15.9
1530 -1.353 16 20.4 15.8 15.4 16.1 15.9
1531 -1.355 15.9 20.4 15.8 15.4 16.1 15.8
1532 -1.358 15.9 20.4 15.8 15.4 16.1 15.8
1533 -1.361 16 20.4 15.8 15.4 16.2 15.9
1534 -1.363 16 20.4 15.8 15.4 16.1 15.8
1535 -1.366 15.9 20.4 15.8 15.4 16.1 15.8
1536 -1.369 16.1 20.6 16 15.5 16.2 15.9
1537 -1.371 16 20.5 15.9 15.4 16.1 15.9
1538 -1.374 15.9 20.5 15.9 15.4 16.1 15.8
1539 -1.377 16 20.5 15.9 15.4 16.1 15.9
1540 -1.379 16 20.5 15.9 15.4 16.1 15.8
1541 -1.382 15.9 20.5 15.9 15.4 16.1 15.8
1542 -1.385 15.9 20.4 15.8 15.4 16.1 15.8
1543 -1.387 15.9 20.4 15.8 15.4 16.1 15.8
1544 -1.39 15.9 20.4 15.8 15.4 16.1 15.8
1545 -1.393 16 20.4 15.8 15.4 16.1 15.9
1546 -1.395 16 20.4 15.8 15.4 16.1 15.9
1547 -1.398 15.9 20.4 15.8 15.4 16.1 15.9
1548 -1.401 15.9 20.4 15.8 15.4 16.1 15.9
1549 -1.403 16 20.4 15.9 15.5 16.1 15.9
1550 -1.406 16 20.4 15.9 15.4 16.1 15.9
1551 -1.409 15.9 20.4 15.9 15.4 16.1 15.9
1552 -1.411 16 20.4 15.9 15.4 16.1 15.9
1553 -1.414 16 20.4 15.9 15.5 16.2 15.9
1554 -1.417 16 20.4 15.9 15.4 16.2 15.9
1555 -1.419 16 20.4 15.9 15.4 16.2 15.9
1556 -1.422 16 20.4 15.9 15.4 16.2 15.9
1557 -1.425 16 20.4 15.9 15.4 16.2 15.9
1558 -1.428 15.9 20.4 15.8 15.4 16.1 15.8
1559 -1.43 15.9 20.4 15.8 15.4 16.2 15.8
1560 -1.433 16 20.4 15.9 15.4 16.2 15.9
1561 -1.436 16 20.4 15.9 15.4 16.2 15.9
1562 -1.438 15.9 20.4 15.8 15.4 16.1 15.8
1563 -1.441 15.9 20.4 15.8 15.4 16.1 15.8
1564 -1.444 15.9 20.4 15.8 15.4 16.1 15.9
1565 -1.446 15.9 20.4 15.8 15.4 16.1 15.8
1566 -1.449 15.9 20.4 15.9 15.4 16.1 15.9
1567 -1.452 15.9 20.4 15.8 15.4 16.1 15.9
1568 -1.454 15.9 20.4 15.8 15.4 16.1 15.8
1569 -1.457 15.9 20.4 15.8 15.4 16.1 15.8
1570 -1.46 15.9 20.4 15.8 15.4 16.2 15.8
1571 -1.462 15.9 20.4 15.8 15.4 16.1 15.8
1572 -1.465 15.9 20.4 15.8 15.4 16.1 15.8
1573 -1.468 15.9 20.4 15.8 15.4 16.1 15.8
1574 -1.47 15.9 20.4 15.8 15.4 16.1 15.8
1575 -1.473 15.9 20.4 15.8 15.4 16.1 15.8
1576 -1.476 15.9 20.4 15.8 15.4 16.1 15.8
1577 -1.478 15.9 20.4 15.8 15.4 16.1 15.8
1578 -1.481 15.8 20.4 15.8 15.4 16.1 15.8
1579 -1.484 15.8 20.4 15.8 15.4 16.1 15.8
1580 -1.486 15.9 20.4 15.8 15.4 16.1 15.8
1581 -1.489 15.9 20.4 15.8 15.4 16.1 15.8
1582 -1.492 15.9 20.4 15.8 15.4 16.1 15.8
1583 -1.494 15.9 20.4 15.8 15.4 16.1 15.8
1584 -1.497 15.9 20.4 15.8 15.4 16.1 15.8
1585 -1.5 15.9 20.4 15.8 15.4 16.1 15.8
1586 -1.502 15.9 20.4 15.8 15.4 16.1 15.8
1587 -1.505 15.9 20.4 15.8 15.4 16.1 15.8
1588 -1.508 15.9 20.4 15.8 15.4 16.1 15.8
1589 -1.51 15.9 20.4 15.8 15.4 16.1 15.8
1590 -1.513 15.9 20.4 15.8 15.4 16.1 15.8
1591 -1.516 15.9 20.4 15.8 15.4 16.1 15.8
1592 -1.518 15.9 20.4 15.8 15.4 16.1 15.8
1593 -1.521 15.9 20.4 15.8 15.4 16.1 15.8
1594 -1.524 15.9 20.4 15.8 15.4 16.1 15.8
1595 -1.526 15.9 20.4 15.8 15.4 16.1 15.8
1596 -1.529 15.9 20.4 15.8 15.4 16.1 15.8
1597 -1.532 15.9 20.4 15.8 15.4 16.1 15.8
1598 -1.534 15.9 20.4 15.8 15.4 16.1 15.8
1599 -1.537 15.9 20.4 15.8 15.4 16.1 15.8
1600 -1.54 15.9 20.4 15.8 15.4 16.1 15.8
1601 -1.542 15.9 20.4 15.8 15.4 16.1 15.8
1602 -1.545 15.9 20.4 15.8 15.4 16.1 15.8
1603 -1.548 15.9 20.4 15.8 15.4 16.1 15.8
1604 -1.55 15.9 20.4 15.8 15.4 16.1 15.8
1605 -1.553 15.9 20.4 15.8 15.4 16.1 15.8
1606 -1.556 15.8 20.4 15.8 15.4 16.1 15.8
1607 -1.558 15.8 20.4 15.8 15.4 16 15.8
1608 -1.561 15.8 20.4 15.8 15.4 16 15.8
1609 -1.564 15.9 20.4 15.8 15.4 16.1 15.8
1610 -1.566 15.8 20.4 15.8 15.4 16.1 15.8
1611 -1.569 15.8 20.4 15.8 15.4 16.1 15.8
1612 -1.572 15.8 20.4 15.8 15.4 16 15.8
1613 -1.574 15.8 20.4 15.8 15.4 16.1 15.8
1614 -1.577 15.8 20.4 15.8 15.4 16.1 15.8
1615 -1.58 15.8 20.4 15.8 15.4 16 15.8
1616 -1.582 15.8 20.4 15.8 15.4 16 15.8
1617 -1.585 15.8 20.4 15.8 15.4 16.1 15.8
1618 -1.588 15.8 20.4 15.8 15.4 16 15.8
1619 -1.591 15.8 20.4 15.8 15.4 16 15.8
1620 -1.593 15.8 20.4 15.8 15.4 16 15.8
1621 -1.596 15.8 20.4 15.8 15.4 16.1 15.8
1622 -1.599 15.8 20.4 15.8 15.4 16 15.8
1623 -1.601 15.8 20.4 15.8 15.4 16 15.8
1624 -1.604 15.8 20.4 15.8 15.4 16.1 15.8
1625 -1.607 15.9 20.4 15.8 15.4 16.1 15.8
1626 -1.609 15.8 20.4 15.8 15.4 16 15.8
1627 -1.612 15.9 20.4 15.8 15.4 16 15.8
1628 -1.615 15.9 20.4 15.8 15.4 16.1 15.8
1629 -1.617 15.9 20.4 15.8 15.4 16.1 15.8
1630 -1.62 15.9 20.4 15.8 15.4 16.1 15.8
1631 -1.623 15.9 20.4 15.8 15.4 16.1 15.8
1632 -1.625 15.9 20.4 15.8 15.4 16.1 15.8
1633 -1.628 15.9 20.4 15.8 15.4 16.1 15.8
1634 -1.631 15.9 20.4 15.8 15.4 16.1 15.8
1635 -1.633 15.9 20.4 15.8 15.4 16.1 15.8
1636 -1.636 15.8 20.4 15.8 15.4 16.1 15.8
1637 -1.639 15.9 20.4 15.8 15.4 16.1 15.8
1638 -1.641 15.9 20.4 15.8 15.4 16.1 15.8
1639 -1.644 15.9 20.4 15.8 15.4 16.1 15.8
1640 -1.647 15.9 20.4 15.8 15.4 16.1 15.8
1641 -1.649 15.9 20.4 15.8 15.4 16.1 15.8
1642 -1.652 15.9 20.4 15.8 15.4 16.1 15.8
1643 -1.655 15.9 20.4 15.8 15.4 16.1 15.8
1644 -1.657 15.9 20.4 15.8 15.4 16.1 15.8
1645 -1.66 15.9 20.4 15.8 15.4 16.2 15.8
1646 -1.663 15.9 20.4 15.8 15.4 16.1 15.8
1647 -1.665 15.9 20.4 15.8 15.4 16.1 15.8
1648 -1.668 15.9 20.4 15.8 15.4 16.1 15.8
1649 -1.671 15.9 20.4 15.8 15.4 16.1 15.8
1650 -1.673 15.8 20.4 15.8 15.4 16.1 15.8
1651 -1.676 15.8 20.4 15.8 15.4 16.1 15.8
1652 -1.679 15.8 20.4 15.8 15.4 16.1 15.8
1653 -1.681 15.8 20.4 15.8 15.4 16.1 15.8
1654 -1.684 15.8 20.4 15.8 15.4 16.1 15.8
1655 -1.687 15.8 20.4 15.8 15.4 16.1 15.8
1656 -1.689 15.8 20.4 15.8 15.4 16.1 15.8
1657 -1.692 15.8 20.4 15.8 15.4 16.1 15.8
1658 -1.695 15.8 20.4 15.8 15.4 16.1 15.8
1659 -1.697 15.8 20.4 15.8 15.4 16.1 15.8
1660 -1.7 15.8 20.4 15.8 15.4 16.1 15.8
1661 -1.703 15.8 20.4 15.8 15.4 16 15.8
1662 -1.705 15.8 20.4 15.8 15.4 16 15.8
1663 -1.708 15.8 20.4 15.8 15.4 16.1 15.8
1664 -1.711 15.8 20.4 15.8 15.4 16 15.8
1665 -1.713 15.8 20.4 15.8 15.4 16 15.8
1666 -1.716 15.8 20.4 15.8 15.4 16.1 15.8
1667 -1.719 15.8 20.4 15.8 15.4 16.1 15.8
1668 -1.721 15.8 20.4 15.8 15.4 16 15.8
1669 -1.724 15.8 20.4 15.8 15.4 16 15.8
1670 -1.727 15.8 20.4 15.8 15.4 16 15.8
1671 -1.729 15.8 20.4 15.8 15.4 16.1 15.8
1672 -1.732 15.8 20.4 15.8 15.4 16 15.8
1673 -1.735 15.8 20.4 15.8 15.4 16 15.8
1674 -1.737 15.8 20.4 15.8 15.4 16.1 15.8
1675 -1.74 15.8 20.4 15.8 15.4 16.1 15.8
1676 -1.743 15.8 20.4 15.8 15.4 16 15.8
1677 -1.745 15.8 20.4 15.8 15.4 16 15.8
1678 -1.748 15.8 20.4 15.8 15.4 15.9 15.8
1679 -1.751 15.7 20.3 15.8 15.4 15.9 15.8
1680 -1.753 15.8 20.4 15.8 15.4 16 15.8
1681 -1.756 15.8 20.4 15.8 15.4 16 15.8
1682 -1.759 15.8 20.3 15.7 15.4 16 15.8
1683 -1.761 15.8 20.4 15.7 15.4 16 15.8
1684 -1.764 15.8 20.4 15.8 15.4 16 15.8
1685 -1.767 15.8 20.4 15.8 15.4 16 15.8
1686 -1.769 15.8 20.4 15.7 15.4 16 15.8
1687 -1.772 15.8 20.4 15.7 15.4 16 15.8
1688 -1.775 15.8 20.4 15.7 15.4 16 15.8
1689 -1.778 15.8 20.4 15.8 15.4 16 15.8
1690 -1.78 15.8 20.3 15.7 15.4 16 15.8
1691 -1.783 15.8 20.4 15.7 15.4 16 15.8
1692 -1.786 15.8 20.4 15.7 15.4 16 15.8
1693 -1.788 15.8 20.3 15.7 15.4 16 15.8
1694 -1.791 15.7 20.3 15.7 15.4 15.9 15.8
1695 -1.794 15.7 20.3 15.7 15.4 16 15.8
1696 -1.796 15.7 20.3 15.7 15.4 15.9 15.8
1697 -1.799 15.7 20.3 15.7 15.4 15.9 15.8
1698 -1.802 15.7 20.3 15.7 15.4 15.9 15.8
1699 -1.804 15.7 20.3 15.7 15.4 15.9 15.8
1700 -1.807 15.7 20.3 15.7 15.4 15.9 15.8
1701 -1.81 15.7 20.3 15.7 15.4 15.9 15.8
1702 -1.812 15.7 20.3 15.7 15.4 15.9 15.8
1703 -1.815 15.7 20.3 15.7 15.4 16 15.8
1704 -1.818 15.7 20.3 15.7 15.4 15.9 15.8
1705 -1.82 15.7 20.3 15.7 15.4 16 15.8
1706 -1.823 15.7 20.3 15.7 15.4 16 15.8
1707 -1.826 15.7 20.3 15.7 15.4 16 15.8
1708 -1.828 15.7 20.3 15.7 15.4 16 15.8
1709 -1.831 15.8 20.3 15.7 15.4 16 15.8
1710 -1.834 15.8 20.3 15.8 15.4 16 15.8
1711 -1.836 15.7 20.3 15.7 15.4 16 15.8
1712 -1.839 15.8 20.3 15.7 15.4 16 15.8
1713 -1.842 15.7 20.3 15.8 15.4 16 15.8
1714 -1.844 15.7 20.3 15.7 15.4 15.9 15.8
1715 -1.847 15.7 20.3 15.7 15.4 15.9 15.8
1716 -1.85 15.7 20.3 15.7 15.4 16 15.8
1717 -1.852 15.7 20.4 15.7 15.4 16 15.8
1718 -1.855 15.7 20.3 15.7 15.4 15.9 15.8
1719 -1.858 15.7 20.4 15.7 15.4 15.9 15.8
1720 -1.86 15.7 20.4 15.7 15.4 15.9 15.8
1721 -1.863 15.7 20.3 15.7 15.4 15.9 15.8
1722 -1.866 15.7 20.3 15.7 15.4 15.9 15.8
1723 -1.868 15.8 20.3 15.7 15.4 15.9 15.8
1724 -1.871 15.8 20.4 15.7 15.4 16 15.8
1725 -1.874 15.7 20.4 15.7 15.4 16 15.8
1726 -1.876 15.7 20.3 15.7 15.4 16 15.8
1727 -1.879 15.8 20.4 15.7 15.4 16 15.8
1728 -1.882 15.7 20.4 15.7 15.4 15.9 15.8
1729 -1.884 15.7 20.4 15.7 15.4 15.9 15.8
1730 -1.887 15.7 20.4 15.8 15.4 16 15.8
1731 -1.89 15.7 20.4 15.8 15.4 16 15.8
1732 -1.892 15.7 20.4 15.8 15.4 16 15.8
1733 -1.895 15.7 20.4 15.8 15.4 16 15.8
1734 -1.898 15.7 20.4 15.8 15.4 16 15.8
1735 -1.9 15.8 20.4 15.8 15.4 16 15.8
1736 -1.903 15.7 20.4 15.8 15.4 16 15.8
1737 -1.906 15.7 20.3 15.8 15.4 16 15.8
1738 -1.908 15.7 20.3 15.8 15.4 16 15.8
1739 -1.911 15.7 20.4 15.8 15.4 16 15.8
1740 -1.914 15.7 20.3 15.7 15.4 15.9 15.8
1741 -1.916 15.7 20.3 15.7 15.4 15.9 15.8
1742 -1.919 15.7 20.3 15.7 15.4 16 15.8
1743 -1.922 15.7 20.3 15.7 15.4 15.9 15.8
1744 -1.924 15.7 20.3 15.7 15.4 15.9 15.8
1745 -1.927 15.7 20.3 15.7 15.4 15.9 15.8
1746 -1.93 15.7 20.3 15.7 15.4 15.9 15.8
1747 -1.932 15.7 20.3 15.7 15.4 15.9 15.8
1748 -1.935 15.7 20.3 15.7 15.4 15.9 15.8
1749 -1.938 15.7 20.3 15.7 15.4 15.9 15.8
1750 -1.94 15.7 20.3 15.7 15.4 15.9 15.8
1751 -1.943 15.7 20.3 15.7 15.4 15.9 15.8
1752 -1.946 15.7 20.3 15.7 15.4 15.9 15.8
1753 -1.948 15.7 20.3 15.7 15.4 15.9 15.8
1754 -1.951 15.7 20.3 15.7 15.4 15.9 15.8
1755 -1.954 15.7 20.3 15.7 15.4 15.9 15.8
1756 -1.956 15.7 20.3 15.7 15.4 15.9 15.8
1757 -1.959 15.7 20.3 15.7 15.4 15.9 15.8
1758 -1.962 15.7 20.3 15.7 15.4 15.9 15.8
1759 -1.964 15.7 20.3 15.7 15.4 16 15.8
1760 -1.967 15.7 20.3 15.7 15.4 15.9 15.8
1761 -1.97 15.7 20.3 15.7 15.4 15.9 15.8
1762 -1.972 15.7 20.3 15.7 15.4 15.9 15.8
1763 -1.975 15.7 20.3 15.7 15.4 15.9 15.8
1764 -1.978 15.7 20.3 15.7 15.4 15.9 15.8
1765 -1.98 15.7 20.3 15.7 15.4 15.9 15.8
1766 -1.983 15.7 20.3 15.7 15.4 15.9 15.8
1767 -1.986 15.7 20.3 15.7 15.4 15.9 15.8
1768 -1.989 15.7 20.3 15.7 15.4 15.9 15.8
1769 -1.991 15.7 20.3 15.7 15.4 15.9 15.8
1770 -1.994 15.7 20.3 15.7 15.4 15.9 15.8
1771 -1.997 15.7 20.3 15.7 15.4 15.9 15.8
1772 -1.999 15.7 20.3 15.7 15.4 15.9 15.8
1773 -2.002 15.7 20.3 15.7 15.4 15.9 15.8
1774 -2.005 15.7 20.3 15.7 15.3 15.9 15.8
1775 -2.007 15.7 20.3 15.7 15.3 15.9 15.8
1776 -2.01 15.7 20.3 15.7 15.4 15.9 15.8
1777 -2.013 15.7 20.3 15.7 15.4 15.9 15.8
1778 -2.015 15.7 20.3 15.7 15.4 15.9 15.8
1779 -2.018 15.7 20.3 15.7 15.4 15.9 15.8
1780 -2.021 15.7 20.3 15.7 15.4 15.9 15.8
1781 -2.023 15.7 20.3 15.7 15.4 15.9 15.8
1782 -2.026 15.7 20.3 15.7 15.4 15.9 15.8
1783 -2.029 15.7 20.3 15.7 15.4 15.9 15.8
1784 -2.031 15.7 20.3 15.7 15.4 15.9 15.8
1785 -2.034 15.7 20.3 15.7 15.4 15.9 15.8
1786 -2.037 15.7 20.3 15.7 15.4 15.8 15.8
1787 -2.039 15.7 20.3 15.7 15.4 15.9 15.8
1788 -2.042 15.7 20.3 15.7 15.4 15.9 15.8
1789 -2.045 15.7 20.3 15.7 15.4 15.9 15.8
1790 -2.047 15.7 20.3 15.7 15.4 15.9 15.8
1791 -2.05 15.7 20.3 15.7 15.4 15.9 15.8
1792 -2.053 15.7 20.3 15.7 15.4 15.9 15.8
1793 -2.055 15.7 20.3 15.7 15.4 15.9 15.8
1794 -2.058 15.7 20.3 15.7 15.4 15.9 15.8
1795 -2.061 15.7 20.3 15.7 15.4 15.9 15.8
1796 -2.063 15.7 20.3 15.7 15.4 15.9 15.8
1797 -2.066 15.7 20.3 15.7 15.4 15.9 15.8
1798 -2.069 15.7 20.3 15.7 15.4 15.9 15.8
1799 -2.071 15.7 20.3 15.7 15.4 15.9 15.8
1800 -2.074 15.7 20.3 15.7 15.4 15.9 15.8
1801 -2.077 15.7 20.3 15.7 15.4 15.9 15.8
1802 -2.079 15.7 20.3 15.7 15.4 15.9 15.8
1803 -2.082 15.7 20.3 15.7 15.4 15.9 15.8
1804 -2.085 15.7 20.3 15.7 15.4 15.9 15.8
1805 -2.087 15.7 20.3 15.7 15.4 15.9 15.8
1806 -2.09 15.7 20.3 15.7 15.4 15.9 15.8
1807 -2.093 15.7 20.3 15.7 15.4 15.9 15.8
1808 -2.095 15.7 20.3 15.7 15.4 15.9 15.8
1809 -2.098 15.7 20.3 15.7 15.4 15.9 15.8
1810 -2.101 15.7 20.3 15.7 15.4 15.9 15.8
1811 -2.103 15.7 20.3 15.7 15.4 15.9 15.8
1812 -2.106 15.7 20.3 15.7 15.4 15.9 15.8
1813 -2.109 15.7 20.3 15.7 15.4 15.9 15.8
1814 -2.111 15.7 20.3 15.7 15.4 15.9 15.8
1815 -2.114 15.7 20.3 15.7 15.4 15.9 15.8
1816 -2.117 15.7 20.3 15.7 15.4 15.9 15.8
1817 -2.119 15.7 20.3 15.8 15.4 15.9 15.8
1818 -2.122 15.7 20.3 15.7 15.4 15.9 15.8
1819 -2.125 15.7 20.3 15.7 15.4 15.9 15.8
1820 -2.127 15.7 20.3 15.7 15.4 15.9 15.8
1821 -2.13 15.7 20.3 15.7 15.4 15.9 15.8
1822 -2.133 15.7 20.3 15.7 15.4 15.9 15.8
1823 -2.135 15.7 20.3 15.8 15.4 15.9 15.8
1824 -2.138 15.7 20.3 15.8 15.4 15.9 15.8
1825 -2.141 15.7 20.3 15.7 15.4 15.9 15.8
1826 -2.143 15.7 20.3 15.7 15.4 15.9 15.8
1827 -2.146 15.7 20.3 15.8 15.4 15.9 15.8
1828 -2.149 15.7 20.3 15.8 15.4 15.9 15.8
1829 -2.151 15.7 20.3 15.8 15.4 15.9 15.8
1830 -2.154 15.7 20.3 15.8 15.4 15.9 15.8
1831 -2.157 15.7 20.3 15.8 15.4 15.9 15.8
1832 -2.159 15.7 20.3 15.8 15.4 15.9 15.8
1833 -2.162 15.7 20.3 15.8 15.4 15.9 15.8
1834 -2.165 15.7 20.3 15.8 15.4 15.9 15.8
1835 -2.167 15.7 20.3 15.8 15.4 15.9 15.8
1836 -2.17 15.7 20.3 15.8 15.4 15.9 15.8
1837 -2.173 15.7 20.3 15.8 15.4 15.9 15.8
1838 -2.175 15.7 20.3 15.8 15.4 15.9 15.8
1839 -2.178 15.7 20.3 15.8 15.4 15.9 15.8
1840 -2.181 15.7 20.3 15.8 15.4 15.9 15.8
1841 -2.183 15.7 20.3 15.8 15.4 15.9 15.8
1842 -2.186 15.7 20.3 15.8 15.4 15.9 15.8
1843 -2.189 15.7 20.3 15.8 15.4 15.9 15.8
1844 -2.191 15.7 20.3 15.8 15.4 15.9 15.8
1845 -2.194 15.7 20.3 15.8 15.4 15.9 15.8
1846 -2.197 15.7 20.3 15.8 15.4 15.9 15.8
1847 -2.199 15.7 20.3 15.8 15.4 15.9 15.8
1848 -2.202 15.7 20.3 15.8 15.4 15.9 15.8
1849 -2.205 15.7 20.3 15.8 15.4 15.9 15.8
1850 -2.207 15.7 20.3 15.8 15.4 16 15.8
1851 -2.21 15.7 20.3 15.8 15.4 16 15.8
1852 -2.213 15.7 20.3 15.8 15.4 16 15.8
1853 -2.215 15.7 20.3 15.8 15.4 16 15.8
1854 -2.218 15.7 20.3 15.8 15.4 16 15.8
1855 -2.221 15.7 20.3 15.8 15.4 16 15.8
1856 -2.223 15.7 20.3 15.8 15.4 15.9 15.8
1857 -2.226 15.7 20.3 15.8 15.4 16 15.8
1858 -2.229 15.7 20.3 15.8 15.4 16 15.8
1859 -2.231 15.7 20.3 15.8 15.4 16 15.8
1860 -2.234 15.7 20.3 15.8 15.4 15.9 15.8
1861 -2.237 15.7 20.3 15.8 15.4 15.9 15.8
1862 -2.24 15.7 20.3 15.8 15.4 16 15.8
1863 -2.242 15.7 20.3 15.8 15.4 16 15.8
1864 -2.245 15.7 20.3 15.8 15.4 16 15.8
1865 -2.248 15.7 20.3 15.8 15.4 16 15.9
1866 -2.25 15.7 20.3 15.8 15.4 16 15.8
1867 -2.253 15.7 20.3 15.8 15.4 16 15.8
1868 -2.256 15.7 20.3 15.8 15.4 16 15.8
1869 -2.258 15.7 20.3 15.8 15.4 16 15.8
1870 -2.261 15.7 20.3 15.8 15.4 16 15.8
1871 -2.264 15.7 20.3 15.8 15.4 16 15.8
1872 -2.266 15.7 20.3 15.8 15.4 15.9 15.8
1873 -2.269 15.7 20.3 15.8 15.4 16 15.9
1874 -2.272 15.7 20.3 15.8 15.4 16 15.8
1875 -2.274 15.7 20.3 15.8 15.4 16 15.8
1876 -2.277 15.7 20.3 15.8 15.4 16 15.8
1877 -2.28 15.7 20.3 15.8 15.4 16 15.8
1878 -2.282 15.7 20.3 15.8 15.4 15.9 15.8
1879 -2.285 15.7 20.3 15.8 15.4 15.9 15.8
1880 -2.288 15.7 20.3 15.8 15.4 16 15.8
1881 -2.29 15.7 20.3 15.8 15.4 16 15.8
1882 -2.293 15.7 20.3 15.8 15.4 15.9 15.8
1883 -2.296 15.7 20.3 15.8 15.4 15.9 15.8
1884 -2.298 15.7 20.3 15.8 15.4 16 15.8
1885 -2.301 15.7 20.3 15.8 15.4 15.9 15.8
1886 -2.304 15.7 20.3 15.8 15.4 15.9 15.8
1887 -2.306 15.7 20.3 15.8 15.4 16 15.8
1888 -2.309 15.7 20.3 15.8 15.4 15.9 15.8
1889 -2.312 15.7 20.3 15.8 15.4 16 15.8
1890 -2.314 15.7 20.3 15.8 15.4 16 15.8
1891 -2.317 15.7 20.3 15.8 15.4 16 15.8
1892 -2.32 15.7 20.3 15.8 15.4 15.9 15.8
1893 -2.322 15.7 20.3 15.8 15.4 16 15.8
1894 -2.325 15.7 20.3 15.8 15.4 16 15.8
1895 -2.328 15.7 20.3 15.8 15.4 16 15.9
1896 -2.33 15.7 20.3 15.8 15.4 16 15.8
1897 -2.333 15.7 20.3 15.8 15.5 16 15.8
1898 -2.336 15.7 20.3 15.8 15.5 16 15.9
1899 -2.338 15.7 20.3 15.8 15.5 16 15.9
1900 -2.341 15.7 20.3 15.8 15.5 16 15.9
1901 -2.344 15.7 20.3 15.8 15.4 16 15.9
1902 -2.346 15.7 20.3 15.8 15.4 16 15.9
1903 -2.349 15.7 20.4 15.8 15.4 16 15.8
1904 -2.352 15.7 20.4 15.8 15.4 16 15.8
1905 -2.354 15.7 20.4 15.8 15.4 16 15.8
1906 -2.357 15.7 20.3 15.8 15.4 16 15.8
1907 -2.36 15.7 20.3 15.8 15.4 15.9 15.8
1908 -2.362 15.7 20.3 15.8 15.4 16 15.8
1909 -2.365 15.7 20.3 15.8 15.4 16 15.8
1910 -2.368 15.7 20.3 15.8 15.4 15.9 15.8
1911 -2.37 15.7 20.3 15.8 15.4 15.9 15.8
1912 -2.373 15.7 20.3 15.8 15.4 16 15.8
1913 -2.376 15.7 20.3 15.8 15.4 16 15.8
1914 -2.378 15.7 20.3 15.8 15.4 16 15.8
1915 -2.381 15.7 20.3 15.8 15.4 16 15.8
1916 -2.384 15.7 20.3 15.8 15.4 16 15.9
1917 -2.386 15.7 20.3 15.8 15.4 16 15.9
1918 -2.389 15.7 20.4 15.8 15.4 16 15.9
1919 -2.392 15.7 20.4 15.8 15.4 16 15.9
1920 -2.394 15.7 20.3 15.8 15.4 16 15.9
1921 -2.397 15.7 20.3 15.8 15.4 16 15.9
1922 -2.4 15.7 20.3 15.8 15.4 16 15.9
1923 -2.402 15.7 20.3 15.8 15.4 16 15.9
1924 -2.405 15.7 20.3 15.8 15.4 16 15.9
1925 -2.408 15.7 20.3 15.8 15.4 16 15.9
1926 -2.41 15.7 20.3 15.8 15.4 16 15.9
1927 -2.413 15.7 20.3 15.8 15.4 16 15.9
1928 -2.416 15.7 20.3 15.8 15.4 16 15.9
1929 -2.418 15.7 20.3 15.8 15.4 16 15.9
1930 -2.421 15.7 20.3 15.8 15.4 16 15.8
1931 -2.424 15.7 20.3 15.8 15.4 15.9 15.8
1932 -2.426 15.7 20.3 15.8 15.4 15.9 15.8
1933 -2.429 15.7 20.3 15.9 15.5 16 15.9
1934 -2.432 15.7 20.3 15.8 15.4 16 15.8
1935 -2.434 15.7 20.3 15.8 15.4 15.9 15.8
1936 -2.437 15.7 20.3 15.8 15.4 15.9 15.8
1937 -2.44 15.7 20.3 15.8 15.4 16 15.8
1938 -2.442 15.7 20.3 15.8 15.4 15.9 15.8
1939 -2.445 15.7 20.3 15.8 15.4 15.9 15.8
1940 -2.448 15.7 20.3 15.8 15.4 15.9 15.8
1941 -2.45 15.7 20.3 15.8 15.4 15.9 15.8
1942 -2.453 15.7 20.3 15.8 15.4 15.9 15.8
1943 -2.456 15.6 20.3 15.8 15.4 15.9 15.8
1944 -2.458 15.7 20.3 15.8 15.4 15.9 15.8
1945 -2.461 15.7 20.3 15.8 15.4 15.9 15.8
1946 -2.464 15.6 20.3 15.8 15.4 15.9 15.8
1947 -2.466 15.6 20.3 15.8 15.4 15.9 15.8
1948 -2.469 15.7 20.3 15.8 15.4 15.9 15.8
1949 -2.472 15.7 20.3 15.8 15.4 15.9 15.8
1950 -2.474 15.7 20.3 15.8 15.4 15.9 15.8
1951 -2.477 15.7 20.3 15.8 15.4 15.9 15.8
1952 -2.48 15.6 20.3 15.8 15.4 15.9 15.8
1953 -2.482 15.6 20.3 15.8 15.4 15.9 15.8
1954 -2.485 15.6 20.2 15.8 15.4 15.9 15.8
1955 -2.488 15.6 20.2 15.8 15.4 15.9 15.8
1956 -2.49 15.6 20.2 15.8 15.4 15.9 15.8
1957 -2.493 15.6 20.2 15.8 15.4 15.9 15.8
1958 -2.496 15.6 20.2 15.8 15.4 15.9 15.8
1959 -2.498 15.6 20.2 15.8 15.4 15.9 15.8
1960 -2.501 15.6 20.2 15.8 15.4 15.9 15.8
1961 -2.504 15.6 20.2 15.8 15.4 15.9 15.8
1962 -2.506 15.6 20.2 15.8 15.4 15.9 15.8
1963 -2.509 15.6 20.2 15.8 15.4 15.9 15.8
1964 -2.512 15.6 20.2 15.8 15.4 15.9 15.8
1965 -2.514 15.6 20.2 15.8 15.4 15.9 15.8
1966 -2.517 15.6 20.2 15.8 15.4 15.9 15.8
1967 -2.52 15.6 20.2 15.8 15.4 15.9 15.8
1968 -2.522 15.6 20.2 15.8 15.4 15.9 15.8
1969 -2.525 15.6 20.2 15.8 15.4 15.9 15.8
1970 -2.528 15.6 20.2 15.8 15.4 15.9 15.8
1971 -2.53 15.6 20.2 15.8 15.4 15.9 15.8
1972 -2.533 15.6 20.2 15.8 15.4 15.9 15.8
1973 -2.536 15.6 20.2 15.8 15.4 16 15.8
1974 -2.538 15.6 20.2 15.9 15.4 15.9 15.8
1975 -2.541 15.6 20.2 15.9 15.4 15.9 15.8
1976 -2.544 15.6 20.2 15.9 15.4 16 15.8
1977 -2.546 15.6 20.2 15.9 15.4 16 15.8
1978 -2.549 15.6 20.2 15.9 15.4 15.9 15.8
1979 -2.552 15.6 20.2 15.9 15.4 16 15.8
1980 -2.554 15.6 20.2 15.8 15.4 16 15.8
1981 -2.557 15.6 20.2 15.8 15.4 15.9 15.8
1982 -2.56 15.6 20.2 15.8 15.4 15.9 15.8
1983 -2.562 15.6 20.2 15.8 15.4 16 15.8
1984 -2.565 15.6 20.2 15.8 15.4 16 15.8
1985 -2.568 15.6 20.2 15.8 15.4 16 15.8
1986 -2.57 15.6 20.3 15.8 15.4 16 15.8
1987 -2.573 15.6 20.2 15.8 15.4 16 15.8
1988 -2.576 15.6 20.2 15.8 15.4 15.9 15.8
1989 -2.578 15.6 20.2 15.8 15.4 15.9 15.8
1990 -2.581 15.6 20.2 15.8 15.4 15.9 15.8
1991 -2.584 15.6 20.2 15.8 15.4 15.9 15.8
1992 -2.586 15.6 20.2 15.8 15.4 15.9 15.8
1993 -2.589 15.6 20.2 15.8 15.4 15.9 15.8
1994 -2.592 15.6 20.2 15.8 15.4 15.9 15.8
1995 -2.594 15.6 20.2 15.8 15.4 15.9 15.8
1996 -2.597 15.6 20.2 15.8 15.4 15.9 15.8
1997 -2.6 15.6 20.2 15.8 15.4 16 15.8
1998 -2.602 15.6 20.2 15.8 15.4 16 15.8
1999 -2.605 15.5 20.2 15.8 15.4 16 15.8
2000 -2.608 15.6 20.2 15.8 15.4 16 15.8
2001 -2.61 15.6 20.2 15.8 15.4 16 15.8
2002 -2.613 15.6 20.2 15.8 15.4 16 15.8
2003 -2.616 15.6 20.2 15.8 15.4 16 15.8
2004 -2.619 15.6 20.2 15.9 15.4 16 15.8
2005 -2.621 15.6 20.2 15.9 15.4 16 15.8
2006 -2.624 15.6 20.2 15.9 15.4 16 15.8
2007 -2.627 15.6 20.2 15.9 15.4 16 15.8
2008 -2.629 15.6 20.2 15.9 15.4 16.1 15.8
2009 -2.632 15.6 20.2 15.9 15.4 16.1 15.8
2010 -2.635 15.6 20.2 15.9 15.4 16 15.8
2011 -2.637 15.6 20.2 15.9 15.4 16 15.8
2012 -2.64 15.6 20.2 15.9 15.4 16 15.8
2013 -2.643 15.6 20.2 15.9 15.4 16 15.8
2014 -2.645 15.6 20.2 15.9 15.4 16 15.8
2015 -2.648 15.6 20.2 15.9 15.4 16 15.8
2016 -2.651 15.6 20.2 15.9 15.4 16 15.8
2017 -2.653 15.6 20.2 15.9 15.4 16 15.8
2018 -2.656 15.6 20.2 15.9 15.4 16 15.8
2019 -2.659 15.6 20.2 15.9 15.4 16.1 15.8
2020 -2.661 15.6 20.2 15.9 15.4 16 15.8
2021 -2.664 15.6 20.2 15.9 15.4 16 15.8
2022 -2.667 15.6 20.2 15.9 15.4 16 15.8
2023 -2.669 15.6 20.2 15.9 15.4 16 15.8
2024 -2.672 15.6 20.2 15.9 15.4 16 15.8
2025 -2.675 15.6 20.2 15.9 15.4 16 15.8
2026 -2.677 15.5 20.2 15.9 15.4 16 15.8
2027 -2.68 15.5 20.2 15.9 15.4 16 15.8
2028 -2.683 15.5 20.2 15.9 15.4 15.9 15.8
2029 -2.685 15.5 20.2 15.9 15.4 15.9 15.8
2030 -2.688 15.5 20.1 15.9 15.4 15.9 15.8
2031 -2.691 15.5 20.1 15.9 15.4 15.9 15.8
2032 -2.693 15.5 20.1 15.9 15.4 15.9 15.8
2033 -2.696 15.5 20.2 15.9 15.4 15.9 15.8
2034 -2.699 15.5 20.1 15.9 15.4 15.9 15.8
2035 -2.701 15.5 20.1 15.9 15.4 15.9 15.8
2036 -2.704 15.5 20.2 15.9 15.4 16 15.8
2037 -2.707 15.5 20.2 15.9 15.4 16 15.8
2038 -2.709 15.5 20.1 15.9 15.4 16 15.8
2039 -2.712 15.5 20.1 15.9 15.4 16 15.8
2040 -2.715 15.6 20.2 15.9 15.4 16 15.8
2041 -2.717 15.6 20.2 15.9 15.4 16 15.8
2042 -2.72 15.6 20.2 15.9 15.4 16 15.8
2043 -2.723 15.6 20.2 15.9 15.4 16 15.8
2044 -2.725 15.6 20.2 15.9 15.4 16 15.8
2045 -2.728 15.6 20.2 15.9 15.4 16 15.8
2046 -2.731 15.6 20.2 15.9 15.4 16 15.8
2047 -2.733 15.6 20.2 15.9 15.4 16 15.8
