&a / °	I1 / %
2,736	15,4
2,733	15,4
2,731	15,4
2,728	15,3
2,725	15,3
2,723	15,3
2,720	15,3
2,717	15,3
2,715	15,3
2,712	15,3
2,709	15,3
2,707	15,3
2,704	15,3
2,701	15,3
2,699	15,3
2,696	15,3
2,693	15,3
2,691	15,3
2,688	15,3
2,685	15,3
2,683	15,3
2,680	15,3
2,677	15,3
2,675	15,3
2,672	15,3
2,669	15,3
2,667	15,3
2,664	15,3
2,661	15,3
2,659	15,3
2,656	15,3
2,653	15,3
2,651	15,3
2,648	15,3
2,645	15,3
2,643	15,3
2,640	15,3
2,637	15,3
2,635	15,3
2,632	15,3
2,629	15,3
2,627	15,3
2,624	15,3
2,621	15,3
2,619	15,3
2,616	15,3
2,613	15,3
2,610	15,3
2,608	15,3
2,605	15,3
2,602	15,3
2,600	15,3
2,597	15,3
2,594	15,3
2,592	15,3
2,589	15,3
2,586	15,3
2,584	15,3
2,581	15,3
2,578	15,3
2,576	15,3
2,573	15,3
2,570	15,3
2,568	15,3
2,565	15,3
2,562	15,3
2,560	15,3
2,557	15,3
2,554	15,3
2,552	15,3
2,549	15,3
2,546	15,3
2,544	15,3
2,541	15,3
2,538	15,3
2,536	15,3
2,533	15,3
2,530	15,3
2,528	15,3
2,525	15,3
2,522	15,3
2,520	15,3
2,517	15,3
2,514	15,3
2,512	15,3
2,509	15,3
2,506	15,3
2,504	15,3
2,501	15,3
2,498	15,3
2,496	15,3
2,493	15,3
2,490	15,3
2,488	15,3
2,485	15,3
2,482	15,3
2,480	15,3
2,477	15,3
2,474	15,3
2,472	15,3
2,469	15,3
2,466	15,3
2,464	15,3
2,461	15,3
2,458	15,3
2,456	15,3
2,453	15,3
2,450	15,3
2,448	15,3
2,445	15,3
2,442	15,3
2,440	15,3
2,437	15,3
2,434	15,3
2,432	15,3
2,429	15,3
2,426	15,3
2,424	15,3
2,421	15,3
2,418	15,3
2,416	15,3
2,413	15,3
2,410	15,3
2,408	15,3
2,405	15,3
2,402	15,3
2,400	15,3
2,397	15,3
2,394	15,3
2,392	15,3
2,389	15,3
2,386	15,3
2,384	15,3
2,381	15,3
2,378	15,3
2,376	15,3
2,373	15,3
2,370	15,3
2,368	15,3
2,365	15,2
2,362	15,2
2,360	15,3
2,357	15,2
2,354	15,3
2,352	15,3
2,349	15,3
2,346	15,3
2,344	15,3
2,341	15,3
2,338	15,3
2,336	15,3
2,333	15,3
2,330	15,3
2,328	15,2
2,325	15,2
2,322	15,3
2,320	15,2
2,317	15,2
2,314	15,2
2,312	15,3
2,309	15,2
2,306	15,2
2,304	15,2
2,301	15,2
2,298	15,3
2,296	15,3
2,293	15,3
2,290	15,3
2,288	15,3
2,285	15,3
2,282	15,3
2,280	15,3
2,277	15,3
2,274	15,3
2,272	15,3
2,269	15,3
2,266	15,3
2,264	15,3
2,261	15,3
2,258	15,3
2,256	15,3
2,253	15,3
2,250	15,3
2,248	15,3
2,245	15,3
2,242	15,3
2,240	15,3
2,237	15,3
2,234	15,3
2,231	15,3
2,229	15,3
2,226	15,3
2,223	15,3
2,221	15,3
2,218	15,3
2,215	15,3
2,213	15,3
2,210	15,3
2,207	15,3
2,205	15,3
2,202	15,3
2,199	15,3
2,197	15,3
2,194	15,3
2,191	15,3
2,189	15,3
2,186	15,3
2,183	15,3
2,181	15,3
2,178	15,3
2,175	15,3
2,173	15,3
2,170	15,3
2,167	15,3
2,165	15,3
2,162	15,3
2,159	15,3
2,157	15,3
2,154	15,3
2,151	15,3
2,149	15,3
2,146	15,3
2,143	15,3
2,141	15,3
2,138	15,3
2,135	15,3
2,133	15,3
2,130	15,3
2,127	15,3
2,125	15,3
2,122	15,3
2,119	15,3
2,117	15,3
2,114	15,3
2,111	15,3
2,109	15,3
2,106	15,3
2,103	15,3
2,101	15,3
2,098	15,3
2,095	15,3
2,093	15,3
2,090	15,3
2,087	15,3
2,085	15,3
2,082	15,3
2,079	15,3
2,077	15,3
2,074	15,3
2,071	15,3
2,069	15,3
2,066	15,3
2,063	15,3
2,061	15,3
2,058	15,3
2,055	15,3
2,053	15,3
2,050	15,3
2,047	15,3
2,045	15,3
2,042	15,3
2,039	15,3
2,037	15,3
2,034	15,3
2,031	15,3
2,029	15,3
2,026	15,3
2,023	15,3
2,021	15,3
2,018	15,3
2,015	15,3
2,013	15,3
2,010	15,3
2,007	15,3
2,005	15,3
2,002	15,3
1,999	15,3
1,997	15,3
1,994	15,3
1,991	15,3
1,989	15,3
1,986	15,3
1,983	15,3
1,980	15,3
1,978	15,3
1,975	15,3
1,972	15,3
1,970	15,3
1,967	15,3
1,964	15,3
1,962	15,3
1,959	15,3
1,956	15,3
1,954	15,3
1,951	15,3
1,948	15,3
1,946	15,3
1,943	15,3
1,940	15,3
1,938	15,3
1,935	15,3
1,932	15,3
1,930	15,3
1,927	15,3
1,924	15,3
1,922	15,3
1,919	15,3
1,916	15,3
1,914	15,3
1,911	15,3
1,908	15,3
1,906	15,3
1,903	15,3
1,900	15,3
1,898	15,3
1,895	15,3
1,892	15,3
1,890	15,3
1,887	15,3
1,884	15,3
1,882	15,3
1,879	15,3
1,876	15,3
1,874	15,3
1,871	15,3
1,868	15,3
1,866	15,3
1,863	15,3
1,860	15,3
1,858	15,3
1,855	15,3
1,852	15,3
1,850	15,3
1,847	15,3
1,844	15,3
1,842	15,3
1,839	15,3
1,836	15,3
1,834	15,3
1,831	15,3
1,828	15,3
1,826	15,3
1,823	15,3
1,820	15,3
1,818	15,3
1,815	15,3
1,812	15,3
1,810	15,3
1,807	15,3
1,804	15,3
1,802	15,3
1,799	15,3
1,796	15,3
1,794	15,3
1,791	15,3
1,788	15,3
1,786	15,3
1,783	15,3
1,780	15,3
1,778	15,3
1,775	15,3
1,772	15,3
1,769	15,3
1,767	15,3
1,764	15,3
1,761	15,3
1,759	15,3
1,756	15,3
1,753	15,3
1,751	15,3
1,748	15,3
1,745	15,3
1,743	15,3
1,740	15,3
1,737	15,3
1,735	15,3
1,732	15,3
1,729	15,3
1,727	15,3
1,724	15,3
1,721	15,3
1,719	15,3
1,716	15,3
1,713	15,3
1,711	15,3
1,708	15,3
1,705	15,3
1,703	15,3
1,700	15,3
1,697	15,3
1,695	15,3
1,692	15,3
1,689	15,4
1,687	15,4
1,684	15,4
1,681	15,4
1,679	15,4
1,676	15,4
1,673	15,4
1,671	15,4
1,668	15,4
1,665	15,4
1,663	15,4
1,660	15,4
1,657	15,4
1,655	15,4
1,652	15,4
1,649	15,4
1,647	15,4
1,644	15,4
1,641	15,4
1,639	15,4
1,636	15,4
1,633	15,4
1,631	15,4
1,628	15,4
1,625	15,4
1,623	15,4
1,620	15,4
1,617	15,4
1,615	15,4
1,612	15,4
1,609	15,4
1,607	15,4
1,604	15,4
1,601	15,4
1,599	15,4
1,596	15,4
1,593	15,4
1,591	15,4
1,588	15,4
1,585	15,4
1,582	15,4
1,580	15,4
1,577	15,4
1,574	15,4
1,572	15,4
1,569	15,4
1,566	15,4
1,564	15,4
1,561	15,4
1,558	15,4
1,556	15,5
1,553	15,5
1,550	15,5
1,548	15,5
1,545	15,5
1,542	15,5
1,540	15,5
1,537	15,5
1,534	15,5
1,532	15,5
1,529	15,5
1,526	15,5
1,524	15,5
1,521	15,5
1,518	15,5
1,516	15,5
1,513	15,5
1,510	15,5
1,508	15,5
1,505	15,5
1,502	15,5
1,500	15,5
1,497	15,5
1,494	15,5
1,492	15,5
1,489	15,5
1,486	15,6
1,484	15,6
1,481	15,6
1,478	15,6
1,476	15,6
1,473	15,6
1,470	15,6
1,468	15,6
1,465	15,6
1,462	15,6
1,460	15,6
1,457	15,6
1,454	15,6
1,452	15,6
1,449	15,6
1,446	15,6
1,444	15,6
1,441	15,7
1,438	15,6
1,436	15,6
1,433	15,6
1,430	15,6
1,428	15,6
1,425	15,6
1,422	15,6
1,419	15,6
1,417	15,6
1,414	15,6
1,411	15,6
1,409	15,6
1,406	15,6
1,403	15,6
1,401	15,6
1,398	15,6
1,395	15,6
1,393	15,6
1,390	15,6
1,387	15,6
1,385	15,6
1,382	15,6
1,379	15,6
1,377	15,6
1,374	15,6
1,371	15,6
1,369	15,6
1,366	15,6
1,363	15,6
1,361	15,6
1,358	15,6
1,355	15,6
1,353	15,6
1,350	15,6
1,347	15,6
1,345	15,6
1,342	15,6
1,339	15,6
1,337	15,6
1,334	15,6
1,331	15,5
1,329	15,5
1,326	15,5
1,323	15,5
1,321	15,5
1,318	15,5
1,315	15,5
1,313	15,5
1,310	15,5
1,307	15,5
1,305	15,5
1,302	15,5
1,299	15,6
1,297	15,6
1,294	15,6
1,291	15,6
1,289	15,6
1,286	15,6
1,283	15,6
1,281	15,6
1,278	15,6
1,275	15,6
1,273	15,6
1,270	15,6
1,267	15,6
1,265	15,6
1,262	15,6
1,259	15,6
1,256	15,6
1,254	15,6
1,251	15,6
1,248	15,6
1,246	15,6
1,243	15,6
1,240	15,6
1,238	15,6
1,235	15,6
1,232	15,6
1,230	15,6
1,227	15,6
1,224	15,6
1,222	15,7
1,219	15,7
1,216	15,7
1,214	15,7
1,211	15,7
1,208	15,7
1,206	15,7
1,203	15,7
1,200	15,7
1,198	15,7
1,195	15,7
1,192	15,7
1,190	15,7
1,187	15,7
1,184	15,7
1,182	15,7
1,179	15,7
1,176	15,7
1,174	15,7
1,171	15,7
1,168	15,7
1,166	15,7
1,163	15,7
1,160	15,7
1,158	15,7
1,155	15,7
1,152	15,7
1,150	15,7
1,147	15,7
1,144	15,7
1,142	15,7
1,139	15,7
1,136	15,7
1,134	15,7
1,131	15,7
1,128	15,7
1,126	15,7
1,123	15,7
1,120	15,7
1,118	15,7
1,115	15,7
1,112	15,7
1,109	15,7
1,107	15,7
1,104	15,7
1,101	15,7
1,099	15,7
1,096	15,7
1,093	15,7
1,091	15,7
1,088	15,7
1,085	15,7
1,083	15,7
1,080	15,7
1,077	15,7
1,075	15,7
1,072	15,7
1,069	15,7
1,067	15,7
1,064	15,7
1,061	15,7
1,059	15,7
1,056	15,7
1,053	15,8
1,051	15,8
1,048	15,8
1,045	15,8
1,043	15,8
1,040	15,8
1,037	15,8
1,035	15,7
1,032	15,8
1,029	15,7
1,027	15,7
1,024	15,7
1,021	15,7
1,019	15,7
1,016	15,7
1,013	15,7
1,011	15,7
1,008	15,7
1,005	15,7
1,003	15,7
1,000	15,7
0,997	15,7
0,995	15,7
0,992	15,7
0,989	15,7
0,987	15,7
0,984	15,7
0,981	15,7
0,979	15,7
0,976	15,7
0,973	15,7
0,970	15,7
0,968	15,7
0,965	15,8
0,962	15,7
0,960	15,8
0,957	15,8
0,954	15,8
0,952	15,8
0,949	15,7
0,946	15,8
0,944	15,8
0,941	15,7
0,938	15,8
0,936	15,8
0,933	15,8
0,930	15,8
0,928	15,8
0,925	15,7
0,922	15,8
0,920	15,8
0,917	15,8
0,914	15,8
0,912	15,8
0,909	15,8
0,906	15,8
0,904	15,8
0,901	15,8
0,898	15,8
0,896	15,8
0,893	15,8
0,890	15,8
0,888	15,8
0,885	15,8
0,882	15,9
0,880	15,9
0,877	15,8
0,874	15,8
0,872	15,8
0,869	15,8
0,866	15,8
0,864	15,9
0,861	15,9
0,858	15,9
0,856	15,9
0,853	15,9
0,850	15,9
0,848	15,9
0,845	15,9
0,842	15,9
0,840	15,9
0,837	15,9
0,834	15,9
0,831	15,9
0,829	15,8
0,826	15,9
0,823	15,9
0,821	15,9
0,818	15,9
0,815	15,9
0,813	15,9
0,810	15,9
0,807	15,9
0,805	15,9
0,802	15,9
0,799	15,9
0,797	15,9
0,794	16,0
0,791	16,0
0,789	16,0
0,786	16,0
0,783	16,0
0,781	15,9
0,778	16,0
0,775	16,0
0,773	16,0
0,770	16,0
0,767	16,0
0,765	16,0
0,762	15,9
0,759	15,9
0,757	15,9
0,754	15,9
0,751	15,9
0,749	16,0
0,746	16,0
0,743	16,0
0,741	16,0
0,738	16,0
0,735	15,9
0,733	16,0
0,730	16,0
0,727	16,0
0,725	16,0
0,722	16,0
0,719	16,0
0,717	16,0
0,714	16,0
0,711	16,1
0,709	16,1
0,706	16,1
0,703	16,1
0,701	16,1
0,698	16,0
0,695	16,0
0,692	16,0
0,690	16,0
0,687	16,0
0,684	16,0
0,682	16,1
0,679	16,1
0,676	16,0
0,674	16,0
0,671	16,1
0,668	16,1
0,666	16,0
0,663	16,0
0,660	16,0
0,658	16,0
0,655	16,0
0,652	16,0
0,650	16,0
0,647	16,0
0,644	16,0
0,642	16,1
0,639	16,0
0,636	16,0
0,634	16,0
0,631	16,0
0,628	16,0
0,626	16,0
0,623	16,0
0,620	16,0
0,618	16,0
0,615	16,0
0,612	16,0
0,610	16,0
0,607	16,0
0,604	16,0
0,602	16,0
0,599	16,1
0,596	16,1
0,594	16,1
0,591	16,1
0,588	16,1
0,586	16,1
0,583	16,1
0,580	16,1
0,578	16,1
0,575	16,1
0,572	16,1
0,570	16,1
0,567	16,1
0,564	16,1
0,561	16,1
0,559	16,1
0,556	16,1
0,553	16,1
0,551	16,1
0,548	16,1
0,545	16,1
0,543	16,1
0,540	16,1
0,537	16,1
0,535	16,1
0,532	16,1
0,529	16,1
0,527	16,1
0,524	16,1
0,521	16,2
0,519	16,1
0,516	16,1
0,513	16,1
0,511	16,1
0,508	16,1
0,505	16,1
0,503	16,2
0,500	16,2
0,497	16,2
0,495	16,2
0,492	16,2
0,489	16,2
0,487	16,2
0,484	16,2
0,481	16,2
0,479	16,2
0,476	16,2
0,473	16,2
0,471	16,2
0,468	16,2
0,465	16,2
0,463	16,2
0,460	16,2
0,457	16,2
0,455	16,2
0,452	16,2
0,449	16,2
0,447	16,2
0,444	16,2
0,441	16,3
0,438	16,2
0,436	16,2
0,433	16,2
0,430	16,2
0,428	16,2
0,425	16,2
0,422	16,2
0,420	16,2
0,417	16,2
0,414	16,3
0,412	16,2
0,409	16,2
0,406	16,2
0,404	16,3
0,401	16,3
0,398	16,3
0,396	16,3
0,393	16,3
0,390	16,3
0,388	16,3
0,385	16,3
0,382	16,3
0,380	16,3
0,377	16,3
0,374	16,3
0,372	16,3
0,369	16,3
0,366	16,3
0,364	16,3
0,361	16,3
0,358	16,3
0,356	16,3
0,353	16,3
0,350	16,3
0,348	16,3
0,345	16,3
0,342	16,3
0,340	16,3
0,337	16,3
0,334	16,3
0,332	16,4
0,329	16,4
0,326	16,4
0,324	16,4
0,321	16,4
0,318	16,4
0,316	16,4
0,313	16,4
0,310	16,4
0,307	16,4
0,305	16,4
0,302	16,4
0,299	16,4
0,297	16,4
0,294	16,4
0,291	16,4
0,289	16,4
0,286	16,4
0,283	16,4
0,281	16,5
0,278	16,4
0,275	16,4
0,273	16,5
0,270	16,5
0,267	16,5
0,265	16,5
0,262	16,5
0,259	16,5
0,257	16,5
0,254	16,5
0,251	16,5
0,249	16,5
0,246	16,5
0,243	16,5
0,241	16,5
0,238	16,5
0,235	16,5
0,233	16,5
0,230	16,5
0,227	16,5
0,225	16,5
0,222	16,5
0,219	16,5
0,217	16,5
0,214	16,5
0,211	16,5
0,209	16,5
0,206	16,5
0,203	16,5
0,201	16,5
0,198	16,5
0,195	16,5
0,193	16,5
0,190	16,5
0,187	16,5
0,184	16,5
0,182	16,5
0,179	16,5
0,176	16,5
0,174	16,5
0,171	16,5
0,168	16,5
0,166	16,5
0,163	16,5
0,160	16,5
0,158	16,5
0,155	16,5
0,152	16,5
0,150	16,5
0,147	16,5
0,144	16,5
0,142	16,5
0,139	16,5
0,136	16,5
0,134	16,5
0,131	16,5
0,128	16,5
0,126	16,5
0,123	16,5
0,120	16,5
0,118	16,5
0,115	16,5
0,112	16,6
0,110	16,6
0,107	16,6
0,104	16,6
0,102	16,6
0,099	16,7
0,096	16,7
0,094	16,7
0,091	16,8
0,088	16,8
0,086	16,8
0,083	16,8
0,080	16,8
0,078	16,8
0,075	16,8
0,072	16,9
0,070	16,9
0,067	16,9
0,064	17,0
0,061	17,1
0,059	17,1
0,056	17,3
0,053	17,4
0,051	17,6
0,048	17,8
0,045	18,0
0,043	18,3
0,040	18,7
0,037	19,0
0,035	19,4
0,032	19,9
0,029	20,4
0,027	20,9
0,024	21,4
0,021	22,1
0,019	23,0
0,016	23,9
0,013	24,8
0,011	25,7
0,008	26,6
0,005	27,8
0,003	28,9
0,000	30,5
-0,003	31,2
-0,005	32,0
-0,008	32,8
-0,011	33,6
-0,013	34,4
-0,016	35,0
-0,019	35,7
-0,021	36,1
-0,024	36,5
-0,027	37,0
-0,029	37,8
-0,032	38,4
-0,035	38,8
-0,037	39,2
-0,040	39,3
-0,043	39,4
-0,045	39,6
-0,048	39,6
-0,051	39,6
-0,053	39,7
-0,056	39,7
-0,059	39,6
-0,061	39,7
-0,064	39,8
-0,067	39,9
-0,070	39,9
-0,072	39,8
-0,075	39,6
-0,078	39,5
-0,080	39,7
-0,083	39,7
-0,086	38,9
-0,088	38,1
-0,091	37,5
-0,094	37,6
-0,096	37,8
-0,099	37,6
-0,102	37,2
-0,104	36,6
-0,107	35,5
-0,110	33,9
-0,112	32,8
-0,115	32,5
-0,118	32,0
-0,120	31,2
-0,123	30,0
-0,126	28,9
-0,128	27,8
-0,131	27,2
-0,134	26,4
-0,136	25,4
-0,139	24,6
-0,142	23,7
-0,144	23,0
-0,147	22,3
-0,150	21,7
-0,152	21,2
-0,155	20,6
-0,158	20,2
-0,160	19,8
-0,163	19,6
-0,166	19,3
-0,168	19,1
-0,171	18,9
-0,174	18,8
-0,176	18,6
-0,179	18,5
-0,182	18,5
-0,184	18,3
-0,187	18,2
-0,190	18,2
-0,193	18,1
-0,195	18,1
-0,198	17,9
-0,201	17,8
-0,203	17,7
-0,206	17,6
-0,209	17,6
-0,211	17,5
-0,214	17,4
-0,217	17,3
-0,219	17,3
-0,222	17,3
-0,225	17,2
-0,227	17,1
-0,230	17,1
-0,233	17,0
-0,235	16,9
-0,238	16,9
-0,241	16,9
-0,243	16,9
-0,246	16,9
-0,249	16,8
-0,251	16,8
-0,254	16,8
-0,257	16,8
-0,259	16,8
-0,262	16,7
-0,265	16,7
-0,267	16,7
-0,270	16,7
-0,273	16,7
-0,275	16,7
-0,278	16,7
-0,281	16,6
-0,283	16,6
-0,286	16,6
-0,289	16,6
-0,291	16,6
-0,294	16,6
-0,297	16,6
-0,299	16,5
-0,302	16,5
-0,305	16,5
-0,307	16,5
-0,310	16,5
-0,313	16,5
-0,316	16,5
-0,318	16,5
-0,321	16,5
-0,324	16,5
-0,326	16,5
-0,329	16,5
-0,332	16,5
-0,334	16,5
-0,337	16,4
-0,340	16,5
-0,342	16,5
-0,345	16,5
-0,348	16,4
-0,350	16,4
-0,353	16,4
-0,356	16,4
-0,358	16,4
-0,361	16,4
-0,364	16,4
-0,366	16,4
-0,369	16,4
-0,372	16,4
-0,374	16,4
-0,377	16,4
-0,380	16,4
-0,382	16,4
-0,385	16,4
-0,388	16,4
-0,390	16,4
-0,393	16,4
-0,396	16,4
-0,398	16,4
-0,401	16,4
-0,404	16,4
-0,406	16,4
-0,409	16,4
-0,412	16,4
-0,414	16,4
-0,417	16,4
-0,420	16,4
-0,422	16,4
-0,425	16,4
-0,428	16,4
-0,430	16,4
-0,433	16,4
-0,436	16,4
-0,438	16,4
-0,441	16,4
-0,444	16,4
-0,447	16,4
-0,449	16,4
-0,452	16,4
-0,455	16,4
-0,457	16,4
-0,460	16,4
-0,463	16,4
-0,465	16,4
-0,468	16,4
-0,471	16,4
-0,473	16,4
-0,476	16,4
-0,479	16,4
-0,481	16,4
-0,484	16,4
-0,487	16,4
-0,489	16,4
-0,492	16,4
-0,495	16,4
-0,497	16,4
-0,500	16,4
-0,503	16,4
-0,505	16,4
-0,508	16,4
-0,511	16,4
-0,513	16,4
-0,516	16,4
-0,519	16,4
-0,521	16,4
-0,524	16,4
-0,527	16,4
-0,529	16,4
-0,532	16,4
-0,535	16,4
-0,537	16,4
-0,540	16,4
-0,543	16,4
-0,545	16,4
-0,548	16,4
-0,551	16,4
-0,553	16,4
-0,556	16,4
-0,559	16,4
-0,561	16,4
-0,564	16,4
-0,567	16,4
-0,570	16,4
-0,572	16,4
-0,575	16,4
-0,578	16,4
-0,580	16,4
-0,583	16,4
-0,586	16,4
-0,588	16,4
-0,591	16,4
-0,594	16,4
-0,596	16,4
-0,599	16,4
-0,602	16,4
-0,604	16,4
-0,607	16,4
-0,610	16,4
-0,612	16,4
-0,615	16,4
-0,618	16,4
-0,620	16,4
-0,623	16,4
-0,626	16,4
-0,628	16,4
-0,631	16,4
-0,634	16,4
-0,636	16,4
-0,639	16,4
-0,642	16,4
-0,644	16,4
-0,647	16,4
-0,650	16,4
-0,652	16,4
-0,655	16,3
-0,658	16,3
-0,660	16,3
-0,663	16,3
-0,666	16,4
-0,668	16,3
-0,671	16,3
-0,674	16,3
-0,676	16,3
-0,679	16,3
-0,682	16,3
-0,684	16,3
-0,687	16,3
-0,690	16,3
-0,692	16,3
-0,695	16,3
-0,698	16,3
-0,701	16,3
-0,703	16,3
-0,706	16,3
-0,709	16,3
-0,711	16,3
-0,714	16,3
-0,717	16,3
-0,719	16,3
-0,722	16,3
-0,725	16,3
-0,727	16,3
-0,730	16,3
-0,733	16,3
-0,735	16,3
-0,738	16,3
-0,741	16,3
-0,743	16,3
-0,746	16,3
-0,749	16,3
-0,751	16,3
-0,754	16,3
-0,757	16,3
-0,759	16,3
-0,762	16,3
-0,765	16,3
-0,767	16,3
-0,770	16,3
-0,773	16,3
-0,775	16,3
-0,778	16,3
-0,781	16,3
-0,783	16,3
-0,786	16,3
-0,789	16,3
-0,791	16,3
-0,794	16,3
-0,797	16,3
-0,799	16,3
-0,802	16,3
-0,805	16,3
-0,807	16,3
-0,810	16,3
-0,813	16,3
-0,815	16,3
-0,818	16,3
-0,821	16,3
-0,823	16,2
-0,826	16,2
-0,829	16,2
-0,831	16,2
-0,834	16,2
-0,837	16,2
-0,840	16,2
-0,842	16,2
-0,845	16,2
-0,848	16,2
-0,850	16,2
-0,853	16,2
-0,856	16,2
-0,858	16,2
-0,861	16,2
-0,864	16,2
-0,866	16,2
-0,869	16,2
-0,872	16,2
-0,874	16,2
-0,877	16,2
-0,880	16,2
-0,882	16,2
-0,885	16,2
-0,888	16,2
-0,890	16,2
-0,893	16,2
-0,896	16,2
-0,898	16,2
-0,901	16,2
-0,904	16,2
-0,906	16,2
-0,909	16,2
-0,912	16,2
-0,914	16,2
-0,917	16,2
-0,920	16,2
-0,922	16,2
-0,925	16,2
-0,928	16,2
-0,930	16,2
-0,933	16,2
-0,936	16,2
-0,938	16,1
-0,941	16,1
-0,944	16,1
-0,946	16,1
-0,949	16,1
-0,952	16,1
-0,954	16,1
-0,957	16,1
-0,960	16,1
-0,962	16,1
-0,965	16,1
-0,968	16,1
-0,970	16,1
-0,973	16,1
-0,976	16,1
-0,979	16,1
-0,981	16,1
-0,984	16,1
-0,987	16,1
-0,989	16,1
-0,992	16,1
-0,995	16,1
-0,997	16,1
-1,000	16,1
-1,003	16,1
-1,005	16,1
-1,008	16,1
-1,011	16,1
-1,013	16,1
-1,016	16,1
-1,019	16,1
-1,021	16,1
-1,024	16,1
-1,027	16,1
-1,029	16,1
-1,032	16,1
-1,035	16,1
-1,037	16,1
-1,040	16,1
-1,043	16,1
-1,045	16,1
-1,048	16,1
-1,051	16,1
-1,053	16,1
-1,056	16,1
-1,059	16,1
-1,061	16,1
-1,064	16,1
-1,067	16,1
-1,069	16,1
-1,072	16,0
-1,075	16,1
-1,077	16,0
-1,080	16,1
-1,083	16,1
-1,085	16,1
-1,088	16,1
-1,091	16,1
-1,093	16,1
-1,096	16,0
-1,099	16,0
-1,101	16,1
-1,104	16,1
-1,107	16,0
-1,109	16,0
-1,112	16,0
-1,115	16,0
-1,118	16,0
-1,120	16,1
-1,123	16,1
-1,126	16,1
-1,128	16,1
-1,131	16,1
-1,134	16,1
-1,136	16,1
-1,139	16,1
-1,142	16,1
-1,144	16,1
-1,147	16,1
-1,150	16,0
-1,152	16,1
-1,155	16,0
-1,158	16,0
-1,160	16,1
-1,163	16,1
-1,166	16,0
-1,168	16,0
-1,171	16,1
-1,174	16,0
-1,176	16,1
-1,179	16,1
-1,182	16,0
-1,184	16,0
-1,187	16,0
-1,190	16,1
-1,192	16,0
-1,195	16,0
-1,198	16,0
-1,200	16,0
-1,203	16,0
-1,206	16,0
-1,208	16,0
-1,211	16,0
-1,214	16,0
-1,216	16,0
-1,219	16,0
-1,222	16,0
-1,224	16,0
-1,227	16,0
-1,230	16,0
-1,232	16,0
-1,235	16,0
-1,238	16,0
-1,240	15,9
-1,243	16,0
-1,246	16,0
-1,248	16,0
-1,251	15,9
-1,254	16,0
-1,256	16,0
-1,259	16,0
-1,262	16,0
-1,265	16,0
-1,267	15,9
-1,270	15,9
-1,273	16,0
-1,275	16,0
-1,278	16,0
-1,281	16,0
-1,283	16,0
-1,286	16,0
-1,289	16,0
-1,291	16,0
-1,294	16,0
-1,297	16,0
-1,299	16,0
-1,302	16,0
-1,305	16,0
-1,307	16,0
-1,310	16,0
-1,313	16,0
-1,315	16,0
-1,318	15,9
-1,321	15,9
-1,323	15,9
-1,326	15,9
-1,329	15,9
-1,331	15,9
-1,334	15,9
-1,337	15,9
-1,339	15,9
-1,342	16,0
-1,345	15,9
-1,347	16,0
-1,350	16,0
-1,353	16,0
-1,355	15,9
-1,358	15,9
-1,361	16,0
-1,363	16,0
-1,366	15,9
-1,369	16,1
-1,371	16,0
-1,374	15,9
-1,377	16,0
-1,379	16,0
-1,382	15,9
-1,385	15,9
-1,387	15,9
-1,390	15,9
-1,393	16,0
-1,395	16,0
-1,398	15,9
-1,401	15,9
-1,403	16,0
-1,406	16,0
-1,409	15,9
-1,411	16,0
-1,414	16,0
-1,417	16,0
-1,419	16,0
-1,422	16,0
-1,425	16,0
-1,428	15,9
-1,430	15,9
-1,433	16,0
-1,436	16,0
-1,438	15,9
-1,441	15,9
-1,444	15,9
-1,446	15,9
-1,449	15,9
-1,452	15,9
-1,454	15,9
-1,457	15,9
-1,460	15,9
-1,462	15,9
-1,465	15,9
-1,468	15,9
-1,470	15,9
-1,473	15,9
-1,476	15,9
-1,478	15,9
-1,481	15,8
-1,484	15,8
-1,486	15,9
-1,489	15,9
-1,492	15,9
-1,494	15,9
-1,497	15,9
-1,500	15,9
-1,502	15,9
-1,505	15,9
-1,508	15,9
-1,510	15,9
-1,513	15,9
-1,516	15,9
-1,518	15,9
-1,521	15,9
-1,524	15,9
-1,526	15,9
-1,529	15,9
-1,532	15,9
-1,534	15,9
-1,537	15,9
-1,540	15,9
-1,542	15,9
-1,545	15,9
-1,548	15,9
-1,550	15,9
-1,553	15,9
-1,556	15,8
-1,558	15,8
-1,561	15,8
-1,564	15,9
-1,566	15,8
-1,569	15,8
-1,572	15,8
-1,574	15,8
-1,577	15,8
-1,580	15,8
-1,582	15,8
-1,585	15,8
-1,588	15,8
-1,591	15,8
-1,593	15,8
-1,596	15,8
-1,599	15,8
-1,601	15,8
-1,604	15,8
-1,607	15,9
-1,609	15,8
-1,612	15,9
-1,615	15,9
-1,617	15,9
-1,620	15,9
-1,623	15,9
-1,625	15,9
-1,628	15,9
-1,631	15,9
-1,633	15,9
-1,636	15,8
-1,639	15,9
-1,641	15,9
-1,644	15,9
-1,647	15,9
-1,649	15,9
-1,652	15,9
-1,655	15,9
-1,657	15,9
-1,660	15,9
-1,663	15,9
-1,665	15,9
-1,668	15,9
-1,671	15,9
-1,673	15,8
-1,676	15,8
-1,679	15,8
-1,681	15,8
-1,684	15,8
-1,687	15,8
-1,689	15,8
-1,692	15,8
-1,695	15,8
-1,697	15,8
-1,700	15,8
-1,703	15,8
-1,705	15,8
-1,708	15,8
-1,711	15,8
-1,713	15,8
-1,716	15,8
-1,719	15,8
-1,721	15,8
-1,724	15,8
-1,727	15,8
-1,729	15,8
-1,732	15,8
-1,735	15,8
-1,737	15,8
-1,740	15,8
-1,743	15,8
-1,745	15,8
-1,748	15,8
-1,751	15,7
-1,753	15,8
-1,756	15,8
-1,759	15,8
-1,761	15,8
-1,764	15,8
-1,767	15,8
-1,769	15,8
-1,772	15,8
-1,775	15,8
-1,778	15,8
-1,780	15,8
-1,783	15,8
-1,786	15,8
-1,788	15,8
-1,791	15,7
-1,794	15,7
-1,796	15,7
-1,799	15,7
-1,802	15,7
-1,804	15,7
-1,807	15,7
-1,810	15,7
-1,812	15,7
-1,815	15,7
-1,818	15,7
-1,820	15,7
-1,823	15,7
-1,826	15,7
-1,828	15,7
-1,831	15,8
-1,834	15,8
-1,836	15,7
-1,839	15,8
-1,842	15,7
-1,844	15,7
-1,847	15,7
-1,850	15,7
-1,852	15,7
-1,855	15,7
-1,858	15,7
-1,860	15,7
-1,863	15,7
-1,866	15,7
-1,868	15,8
-1,871	15,8
-1,874	15,7
-1,876	15,7
-1,879	15,8
-1,882	15,7
-1,884	15,7
-1,887	15,7
-1,890	15,7
-1,892	15,7
-1,895	15,7
-1,898	15,7
-1,900	15,8
-1,903	15,7
-1,906	15,7
-1,908	15,7
-1,911	15,7
-1,914	15,7
-1,916	15,7
-1,919	15,7
-1,922	15,7
-1,924	15,7
-1,927	15,7
-1,930	15,7
-1,932	15,7
-1,935	15,7
-1,938	15,7
-1,940	15,7
-1,943	15,7
-1,946	15,7
-1,948	15,7
-1,951	15,7
-1,954	15,7
-1,956	15,7
-1,959	15,7
-1,962	15,7
-1,964	15,7
-1,967	15,7
-1,970	15,7
-1,972	15,7
-1,975	15,7
-1,978	15,7
-1,980	15,7
-1,983	15,7
-1,986	15,7
-1,989	15,7
-1,991	15,7
-1,994	15,7
-1,997	15,7
-1,999	15,7
-2,002	15,7
-2,005	15,7
-2,007	15,7
-2,010	15,7
-2,013	15,7
-2,015	15,7
-2,018	15,7
-2,021	15,7
-2,023	15,7
-2,026	15,7
-2,029	15,7
-2,031	15,7
-2,034	15,7
-2,037	15,7
-2,039	15,7
-2,042	15,7
-2,045	15,7
-2,047	15,7
-2,050	15,7
-2,053	15,7
-2,055	15,7
-2,058	15,7
-2,061	15,7
-2,063	15,7
-2,066	15,7
-2,069	15,7
-2,071	15,7
-2,074	15,7
-2,077	15,7
-2,079	15,7
-2,082	15,7
-2,085	15,7
-2,087	15,7
-2,090	15,7
-2,093	15,7
-2,095	15,7
-2,098	15,7
-2,101	15,7
-2,103	15,7
-2,106	15,7
-2,109	15,7
-2,111	15,7
-2,114	15,7
-2,117	15,7
-2,119	15,7
-2,122	15,7
-2,125	15,7
-2,127	15,7
-2,130	15,7
-2,133	15,7
-2,135	15,7
-2,138	15,7
-2,141	15,7
-2,143	15,7
-2,146	15,7
-2,149	15,7
-2,151	15,7
-2,154	15,7
-2,157	15,7
-2,159	15,7
-2,162	15,7
-2,165	15,7
-2,167	15,7
-2,170	15,7
-2,173	15,7
-2,175	15,7
-2,178	15,7
-2,181	15,7
-2,183	15,7
-2,186	15,7
-2,189	15,7
-2,191	15,7
-2,194	15,7
-2,197	15,7
-2,199	15,7
-2,202	15,7
-2,205	15,7
-2,207	15,7
-2,210	15,7
-2,213	15,7
-2,215	15,7
-2,218	15,7
-2,221	15,7
-2,223	15,7
-2,226	15,7
-2,229	15,7
-2,231	15,7
-2,234	15,7
-2,237	15,7
-2,240	15,7
-2,242	15,7
-2,245	15,7
-2,248	15,7
-2,250	15,7
-2,253	15,7
-2,256	15,7
-2,258	15,7
-2,261	15,7
-2,264	15,7
-2,266	15,7
-2,269	15,7
-2,272	15,7
-2,274	15,7
-2,277	15,7
-2,280	15,7
-2,282	15,7
-2,285	15,7
-2,288	15,7
-2,290	15,7
-2,293	15,7
-2,296	15,7
-2,298	15,7
-2,301	15,7
-2,304	15,7
-2,306	15,7
-2,309	15,7
-2,312	15,7
-2,314	15,7
-2,317	15,7
-2,320	15,7
-2,322	15,7
-2,325	15,7
-2,328	15,7
-2,330	15,7
-2,333	15,7
-2,336	15,7
-2,338	15,7
-2,341	15,7
-2,344	15,7
-2,346	15,7
-2,349	15,7
-2,352	15,7
-2,354	15,7
-2,357	15,7
-2,360	15,7
-2,362	15,7
-2,365	15,7
-2,368	15,7
-2,370	15,7
-2,373	15,7
-2,376	15,7
-2,378	15,7
-2,381	15,7
-2,384	15,7
-2,386	15,7
-2,389	15,7
-2,392	15,7
-2,394	15,7
-2,397	15,7
-2,400	15,7
-2,402	15,7
-2,405	15,7
-2,408	15,7
-2,410	15,7
-2,413	15,7
-2,416	15,7
-2,418	15,7
-2,421	15,7
-2,424	15,7
-2,426	15,7
-2,429	15,7
-2,432	15,7
-2,434	15,7
-2,437	15,7
-2,440	15,7
-2,442	15,7
-2,445	15,7
-2,448	15,7
-2,450	15,7
-2,453	15,7
-2,456	15,6
-2,458	15,7
-2,461	15,7
-2,464	15,6
-2,466	15,6
-2,469	15,7
-2,472	15,7
-2,474	15,7
-2,477	15,7
-2,480	15,6
-2,482	15,6
-2,485	15,6
-2,488	15,6
-2,490	15,6
-2,493	15,6
-2,496	15,6
-2,498	15,6
-2,501	15,6
-2,504	15,6
-2,506	15,6
-2,509	15,6
-2,512	15,6
-2,514	15,6
-2,517	15,6
-2,520	15,6
-2,522	15,6
-2,525	15,6
-2,528	15,6
-2,530	15,6
-2,533	15,6
-2,536	15,6
-2,538	15,6
-2,541	15,6
-2,544	15,6
-2,546	15,6
-2,549	15,6
-2,552	15,6
-2,554	15,6
-2,557	15,6
-2,560	15,6
-2,562	15,6
-2,565	15,6
-2,568	15,6
-2,570	15,6
-2,573	15,6
-2,576	15,6
-2,578	15,6
-2,581	15,6
-2,584	15,6
-2,586	15,6
-2,589	15,6
-2,592	15,6
-2,594	15,6
-2,597	15,6
-2,600	15,6
-2,602	15,6
-2,605	15,5
-2,608	15,6
-2,610	15,6
-2,613	15,6
-2,616	15,6
-2,619	15,6
-2,621	15,6
-2,624	15,6
-2,627	15,6
-2,629	15,6
-2,632	15,6
-2,635	15,6
-2,637	15,6
-2,640	15,6
-2,643	15,6
-2,645	15,6
-2,648	15,6
-2,651	15,6
-2,653	15,6
-2,656	15,6
-2,659	15,6
-2,661	15,6
-2,664	15,6
-2,667	15,6
-2,669	15,6
-2,672	15,6
-2,675	15,6
-2,677	15,5
-2,680	15,5
-2,683	15,5
-2,685	15,5
-2,688	15,5
-2,691	15,5
-2,693	15,5
-2,696	15,5
-2,699	15,5
-2,701	15,5
-2,704	15,5
-2,707	15,5
-2,709	15,5
-2,712	15,5
-2,715	15,6
-2,717	15,6
-2,720	15,6
-2,723	15,6
-2,725	15,6
-2,728	15,6
-2,731	15,6
-2,733	15,6
