&a / °	I1 / %
2,736	19,0
2,733	19,0
2,731	19,0
2,728	18,9
2,725	18,9
2,723	18,9
2,720	18,9
2,717	18,9
2,715	18,9
2,712	18,9
2,709	18,9
2,707	18,9
2,704	18,9
2,701	18,9
2,699	18,9
2,696	18,9
2,693	18,9
2,691	18,9
2,688	18,9
2,685	18,9
2,683	18,9
2,680	18,9
2,677	18,9
2,675	18,9
2,672	18,9
2,669	18,9
2,667	18,9
2,664	18,9
2,661	18,9
2,659	18,9
2,656	18,9
2,653	18,8
2,651	18,8
2,648	18,8
2,645	18,8
2,643	18,8
2,640	18,8
2,637	18,8
2,635	18,8
2,632	18,8
2,629	18,8
2,627	18,8
2,624	18,8
2,621	18,8
2,619	18,8
2,616	18,8
2,613	18,8
2,610	18,8
2,608	18,8
2,605	18,8
2,602	18,8
2,600	18,8
2,597	18,8
2,594	18,8
2,592	18,8
2,589	18,8
2,586	18,8
2,584	18,8
2,581	18,8
2,578	18,8
2,576	18,8
2,573	18,8
2,570	18,8
2,568	18,8
2,565	18,8
2,562	18,8
2,560	18,8
2,557	18,8
2,554	18,8
2,552	18,7
2,549	18,8
2,546	18,7
2,544	18,7
2,541	18,7
2,538	18,7
2,536	18,8
2,533	18,8
2,530	18,8
2,528	18,8
2,525	18,8
2,522	18,8
2,520	18,8
2,517	18,8
2,514	18,8
2,512	18,8
2,509	18,8
2,506	18,8
2,504	18,8
2,501	18,8
2,498	18,8
2,496	18,8
2,493	18,8
2,490	18,7
2,488	18,7
2,485	18,7
2,482	18,7
2,480	18,7
2,477	18,7
2,474	18,7
2,472	18,7
2,469	18,7
2,466	18,7
2,464	18,7
2,461	18,7
2,458	18,7
2,456	18,8
2,453	18,8
2,450	18,8
2,448	18,8
2,445	18,7
2,442	18,7
2,440	18,7
2,437	18,8
2,434	18,8
2,432	18,8
2,429	18,8
2,426	18,8
2,424	18,8
2,421	18,8
2,418	18,8
2,416	18,8
2,413	18,8
2,410	18,7
2,408	18,8
2,405	18,8
2,402	18,7
2,400	18,8
2,397	18,8
2,394	18,7
2,392	18,7
2,389	18,7
2,386	18,7
2,384	18,7
2,381	18,7
2,378	18,7
2,376	18,7
2,373	18,7
2,370	18,7
2,368	18,7
2,365	18,7
2,362	18,7
2,360	18,7
2,357	18,7
2,354	18,7
2,352	18,7
2,349	18,7
2,346	18,7
2,344	18,7
2,341	18,7
2,338	18,7
2,336	18,7
2,333	18,7
2,330	18,7
2,328	18,7
2,325	18,7
2,322	18,7
2,320	18,7
2,317	18,7
2,314	18,7
2,312	18,7
2,309	18,7
2,306	18,7
2,304	18,7
2,301	18,7
2,298	18,7
2,296	18,7
2,293	18,7
2,290	18,7
2,288	18,7
2,285	18,7
2,282	18,7
2,280	18,7
2,277	18,7
2,274	18,7
2,272	18,7
2,269	18,7
2,266	18,7
2,264	18,7
2,261	18,7
2,258	18,7
2,256	18,7
2,253	18,7
2,250	18,7
2,248	18,7
2,245	18,7
2,242	18,7
2,240	18,7
2,237	18,7
2,234	18,7
2,231	18,7
2,229	18,7
2,226	18,7
2,223	18,7
2,221	18,7
2,218	18,7
2,215	18,7
2,213	18,7
2,210	18,7
2,207	18,7
2,205	18,7
2,202	18,7
2,199	18,7
2,197	18,7
2,194	18,7
2,191	18,7
2,189	18,7
2,186	18,7
2,183	18,7
2,181	18,7
2,178	18,7
2,175	18,7
2,173	18,7
2,170	18,7
2,167	18,7
2,165	18,7
2,162	18,7
2,159	18,7
2,157	18,7
2,154	18,7
2,151	18,7
2,149	18,7
2,146	18,7
2,143	18,7
2,141	18,7
2,138	18,7
2,135	18,8
2,133	18,8
2,130	18,8
2,127	18,8
2,125	18,8
2,122	18,8
2,119	18,8
2,117	18,8
2,114	18,8
2,111	18,8
2,109	18,8
2,106	18,8
2,103	18,8
2,101	18,8
2,098	18,8
2,095	18,8
2,093	18,8
2,090	18,8
2,087	18,8
2,085	18,8
2,082	18,8
2,079	18,8
2,077	18,8
2,074	18,8
2,071	18,8
2,069	18,8
2,066	18,8
2,063	18,8
2,061	18,8
2,058	18,8
2,055	18,8
2,053	18,8
2,050	18,8
2,047	18,8
2,045	18,8
2,042	18,8
2,039	18,8
2,037	18,8
2,034	18,8
2,031	18,8
2,029	18,8
2,026	18,8
2,023	18,8
2,021	18,8
2,018	18,9
2,015	18,9
2,013	18,8
2,010	18,8
2,007	18,8
2,005	18,8
2,002	18,8
1,999	18,9
1,997	18,9
1,994	18,9
1,991	18,9
1,989	18,9
1,986	18,9
1,983	18,8
1,980	18,9
1,978	18,9
1,975	18,9
1,972	18,9
1,970	18,9
1,967	18,9
1,964	18,9
1,962	18,9
1,959	18,9
1,956	18,9
1,954	18,9
1,951	18,9
1,948	18,9
1,946	18,9
1,943	18,9
1,940	18,9
1,938	18,9
1,935	18,9
1,932	18,9
1,930	18,9
1,927	18,9
1,924	18,9
1,922	18,9
1,919	18,9
1,916	19,0
1,914	19,0
1,911	18,9
1,908	18,9
1,906	18,9
1,903	18,9
1,900	18,9
1,898	18,9
1,895	18,9
1,892	18,9
1,890	18,9
1,887	18,9
1,884	18,9
1,882	18,9
1,879	18,9
1,876	18,9
1,874	19,0
1,871	18,9
1,868	19,0
1,866	18,9
1,863	18,9
1,860	19,0
1,858	18,9
1,855	18,9
1,852	18,9
1,850	18,9
1,847	19,0
1,844	18,9
1,842	18,9
1,839	18,9
1,836	18,9
1,834	18,9
1,831	18,9
1,828	19,0
1,826	19,0
1,823	19,0
1,820	19,0
1,818	19,0
1,815	19,0
1,812	19,0
1,810	19,0
1,807	19,0
1,804	19,0
1,802	19,0
1,799	19,0
1,796	19,0
1,794	19,0
1,791	19,0
1,788	19,0
1,786	19,0
1,783	19,0
1,780	19,0
1,778	19,0
1,775	19,0
1,772	19,0
1,769	19,0
1,767	19,0
1,764	19,0
1,761	19,0
1,759	19,0
1,756	19,0
1,753	19,0
1,751	19,0
1,748	19,0
1,745	19,0
1,743	19,0
1,740	19,0
1,737	19,0
1,735	19,1
1,732	19,0
1,729	19,0
1,727	19,1
1,724	19,0
1,721	19,0
1,719	19,0
1,716	19,1
1,713	19,1
1,711	19,0
1,708	19,0
1,705	19,0
1,703	19,0
1,700	19,0
1,697	19,0
1,695	19,1
1,692	19,1
1,689	19,1
1,687	19,1
1,684	19,1
1,681	19,1
1,679	19,1
1,676	19,1
1,673	19,1
1,671	19,1
1,668	19,1
1,665	19,1
1,663	19,1
1,660	19,1
1,657	19,1
1,655	19,1
1,652	19,1
1,649	19,1
1,647	19,1
1,644	19,1
1,641	19,1
1,639	19,1
1,636	19,1
1,633	19,1
1,631	19,2
1,628	19,2
1,625	19,2
1,623	19,2
1,620	19,2
1,617	19,1
1,615	19,1
1,612	19,2
1,609	19,2
1,607	19,2
1,604	19,2
1,601	19,2
1,599	19,1
1,596	19,2
1,593	19,2
1,591	19,1
1,588	19,1
1,585	19,2
1,582	19,2
1,580	19,2
1,577	19,2
1,574	19,2
1,572	19,2
1,569	19,2
1,566	19,2
1,564	19,2
1,561	19,2
1,558	19,2
1,556	19,2
1,553	19,2
1,550	19,2
1,548	19,2
1,545	19,2
1,542	19,2
1,540	19,2
1,537	19,2
1,534	19,2
1,532	19,2
1,529	19,2
1,526	19,2
1,524	19,2
1,521	19,2
1,518	19,3
1,516	19,3
1,513	19,3
1,510	19,3
1,508	19,3
1,505	19,3
1,502	19,3
1,500	19,3
1,497	19,3
1,494	19,3
1,492	19,3
1,489	19,3
1,486	19,3
1,484	19,3
1,481	19,3
1,478	19,3
1,476	19,3
1,473	19,3
1,470	19,3
1,468	19,4
1,465	19,3
1,462	19,3
1,460	19,4
1,457	19,4
1,454	19,4
1,452	19,4
1,449	19,4
1,446	19,4
1,444	19,4
1,441	19,4
1,438	19,4
1,436	19,4
1,433	19,4
1,430	19,4
1,428	19,4
1,425	19,4
1,422	19,4
1,419	19,4
1,417	19,4
1,414	19,3
1,411	19,3
1,409	19,3
1,406	19,3
1,403	19,3
1,401	19,3
1,398	19,3
1,395	19,3
1,393	19,4
1,390	19,3
1,387	19,4
1,385	19,4
1,382	19,4
1,379	19,3
1,377	19,4
1,374	19,4
1,371	19,4
1,369	19,4
1,366	19,4
1,363	19,4
1,361	19,4
1,358	19,4
1,355	19,4
1,353	19,4
1,350	19,4
1,347	19,4
1,345	19,4
1,342	19,4
1,339	19,4
1,337	19,4
1,334	19,4
1,331	19,3
1,329	19,3
1,326	19,3
1,323	19,3
1,321	19,3
1,318	19,3
1,315	19,3
1,313	19,3
1,310	19,3
1,307	19,3
1,305	19,3
1,302	19,3
1,299	19,4
1,297	19,4
1,294	19,4
1,291	19,4
1,289	19,4
1,286	19,4
1,283	19,4
1,281	19,4
1,278	19,4
1,275	19,4
1,273	19,5
1,270	19,5
1,267	19,5
1,265	19,5
1,262	19,5
1,259	19,5
1,256	19,5
1,254	19,5
1,251	19,5
1,248	19,5
1,246	19,5
1,243	19,5
1,240	19,5
1,238	19,5
1,235	19,5
1,232	19,5
1,230	19,5
1,227	19,5
1,224	19,5
1,222	19,5
1,219	19,5
1,216	19,5
1,214	19,5
1,211	19,5
1,208	19,5
1,206	19,5
1,203	19,5
1,200	19,5
1,198	19,5
1,195	19,5
1,192	19,5
1,190	19,5
1,187	19,5
1,184	19,5
1,182	19,5
1,179	19,5
1,176	19,5
1,174	19,5
1,171	19,5
1,168	19,5
1,166	19,6
1,163	19,6
1,160	19,6
1,158	19,6
1,155	19,6
1,152	19,6
1,150	19,6
1,147	19,6
1,144	19,6
1,142	19,6
1,139	19,6
1,136	19,6
1,134	19,6
1,131	19,6
1,128	19,6
1,126	19,6
1,123	19,6
1,120	19,6
1,118	19,6
1,115	19,6
1,112	19,6
1,109	19,6
1,107	19,6
1,104	19,6
1,101	19,6
1,099	19,6
1,096	19,6
1,093	19,6
1,091	19,6
1,088	19,6
1,085	19,6
1,083	19,6
1,080	19,6
1,077	19,6
1,075	19,6
1,072	19,6
1,069	19,6
1,067	19,6
1,064	19,6
1,061	19,7
1,059	19,7
1,056	19,7
1,053	19,7
1,051	19,7
1,048	19,7
1,045	19,7
1,043	19,7
1,040	19,7
1,037	19,7
1,035	19,7
1,032	19,7
1,029	19,7
1,027	19,7
1,024	19,7
1,021	19,7
1,019	19,7
1,016	19,7
1,013	19,7
1,011	19,7
1,008	19,7
1,005	19,7
1,003	19,7
1,000	19,7
0,997	19,7
0,995	19,7
0,992	19,7
0,989	19,7
0,987	19,7
0,984	19,7
0,981	19,7
0,979	19,7
0,976	19,7
0,973	19,7
0,970	19,7
0,968	19,7
0,965	19,7
0,962	19,7
0,960	19,7
0,957	19,7
0,954	19,7
0,952	19,7
0,949	19,7
0,946	19,7
0,944	19,7
0,941	19,7
0,938	19,7
0,936	19,7
0,933	19,7
0,930	19,7
0,928	19,7
0,925	19,7
0,922	19,7
0,920	19,7
0,917	19,7
0,914	19,7
0,912	19,7
0,909	19,7
0,906	19,7
0,904	19,7
0,901	19,7
0,898	19,7
0,896	19,7
0,893	19,7
0,890	19,8
0,888	19,8
0,885	19,8
0,882	19,8
0,880	19,8
0,877	19,8
0,874	19,8
0,872	19,8
0,869	19,8
0,866	19,8
0,864	19,9
0,861	19,9
0,858	19,9
0,856	19,9
0,853	19,9
0,850	19,9
0,848	19,9
0,845	19,9
0,842	19,9
0,840	19,9
0,837	19,9
0,834	19,9
0,831	19,9
0,829	19,9
0,826	19,9
0,823	19,9
0,821	20,0
0,818	19,9
0,815	20,0
0,813	20,0
0,810	20,0
0,807	20,0
0,805	20,0
0,802	20,0
0,799	20,0
0,797	20,0
0,794	20,0
0,791	20,0
0,789	20,0
0,786	20,0
0,783	20,0
0,781	20,0
0,778	20,0
0,775	20,0
0,773	20,0
0,770	20,0
0,767	20,0
0,765	20,0
0,762	20,0
0,759	20,0
0,757	20,0
0,754	20,0
0,751	20,0
0,749	20,0
0,746	20,0
0,743	20,0
0,741	20,0
0,738	20,0
0,735	20,0
0,733	20,0
0,730	20,0
0,727	20,0
0,725	20,0
0,722	20,0
0,719	20,0
0,717	20,0
0,714	20,0
0,711	20,1
0,709	20,1
0,706	20,0
0,703	20,0
0,701	20,1
0,698	20,1
0,695	20,0
0,692	20,1
0,690	20,0
0,687	20,0
0,684	20,1
0,682	20,1
0,679	20,1
0,676	20,1
0,674	20,1
0,671	20,1
0,668	20,1
0,666	20,1
0,663	20,1
0,660	20,0
0,658	20,0
0,655	20,0
0,652	20,0
0,650	20,0
0,647	20,0
0,644	20,0
0,642	20,0
0,639	20,0
0,636	20,0
0,634	20,0
0,631	20,0
0,628	20,0
0,626	20,0
0,623	20,1
0,620	20,0
0,618	20,0
0,615	20,1
0,612	20,1
0,610	20,1
0,607	20,1
0,604	20,1
0,602	20,1
0,599	20,1
0,596	20,2
0,594	20,2
0,591	20,2
0,588	20,2
0,586	20,2
0,583	20,2
0,580	20,2
0,578	20,2
0,575	20,2
0,572	20,2
0,570	20,2
0,567	20,2
0,564	20,2
0,561	20,2
0,559	20,2
0,556	20,2
0,553	20,2
0,551	20,2
0,548	20,2
0,545	20,2
0,543	20,2
0,540	20,2
0,537	20,2
0,535	20,2
0,532	20,2
0,529	20,2
0,527	20,2
0,524	20,2
0,521	20,2
0,519	20,2
0,516	20,2
0,513	20,2
0,511	20,3
0,508	20,2
0,505	20,2
0,503	20,2
0,500	20,3
0,497	20,3
0,495	20,3
0,492	20,3
0,489	20,3
0,487	20,3
0,484	20,3
0,481	20,3
0,479	20,3
0,476	20,3
0,473	20,3
0,471	20,3
0,468	20,3
0,465	20,3
0,463	20,3
0,460	20,3
0,457	20,3
0,455	20,3
0,452	20,3
0,449	20,3
0,447	20,3
0,444	20,3
0,441	20,3
0,438	20,3
0,436	20,3
0,433	20,3
0,430	20,3
0,428	20,3
0,425	20,3
0,422	20,3
0,420	20,3
0,417	20,3
0,414	20,3
0,412	20,3
0,409	20,3
0,406	20,3
0,404	20,4
0,401	20,3
0,398	20,4
0,396	20,4
0,393	20,4
0,390	20,4
0,388	20,4
0,385	20,4
0,382	20,4
0,380	20,4
0,377	20,4
0,374	20,4
0,372	20,4
0,369	20,4
0,366	20,4
0,364	20,4
0,361	20,4
0,358	20,4
0,356	20,3
0,353	20,3
0,350	20,4
0,348	20,4
0,345	20,4
0,342	20,4
0,340	20,4
0,337	20,4
0,334	20,4
0,332	20,4
0,329	20,4
0,326	20,4
0,324	20,4
0,321	20,4
0,318	20,4
0,316	20,4
0,313	20,4
0,310	20,4
0,307	20,4
0,305	20,4
0,302	20,4
0,299	20,4
0,297	20,4
0,294	20,4
0,291	20,4
0,289	20,4
0,286	20,4
0,283	20,4
0,281	20,4
0,278	20,4
0,275	20,4
0,273	20,4
0,270	20,4
0,267	20,4
0,265	20,4
0,262	20,4
0,259	20,4
0,257	20,4
0,254	20,4
0,251	20,4
0,249	20,4
0,246	20,4
0,243	20,4
0,241	20,4
0,238	20,4
0,235	20,4
0,233	20,4
0,230	20,4
0,227	20,4
0,225	20,4
0,222	20,4
0,219	20,4
0,217	20,4
0,214	20,4
0,211	20,4
0,209	20,4
0,206	20,4
0,203	20,4
0,201	20,4
0,198	20,4
0,195	20,4
0,193	20,4
0,190	20,4
0,187	20,4
0,184	20,4
0,182	20,4
0,179	20,4
0,176	20,4
0,174	20,4
0,171	20,4
0,168	20,4
0,166	20,4
0,163	20,4
0,160	20,4
0,158	20,4
0,155	20,4
0,152	20,4
0,150	20,4
0,147	20,4
0,144	20,4
0,142	20,4
0,139	20,4
0,136	20,4
0,134	20,4
0,131	20,4
0,128	20,4
0,126	20,4
0,123	20,4
0,120	20,4
0,118	20,4
0,115	20,4
0,112	20,5
0,110	20,5
0,107	20,5
0,104	20,5
0,102	20,5
0,099	20,5
0,096	20,5
0,094	20,5
0,091	20,5
0,088	20,6
0,086	20,6
0,083	20,6
0,080	20,6
0,078	20,6
0,075	20,6
0,072	20,6
0,070	20,6
0,067	20,6
0,064	20,6
0,061	20,7
0,059	20,7
0,056	20,7
0,053	20,7
0,051	20,8
0,048	20,8
0,045	21,2
0,043	21,9
0,040	23,5
0,037	26,7
0,035	31,1
0,032	34,9
0,029	35,3
0,027	32,4
0,024	28,6
0,021	25,7
0,019	24,2
0,016	24,6
0,013	28,2
0,011	38,5
0,008	59,9
0,005	77,8
0,003	85,7
0,000	98,0
-0,003	96,8
-0,005	80,6
-0,008	58,9
-0,011	43,5
-0,013	34,1
-0,016	28,7
-0,019	25,7
-0,021	23,9
-0,024	22,9
-0,027	22,3
-0,029	21,9
-0,032	21,6
-0,035	21,5
-0,037	21,4
-0,040	21,3
-0,043	21,2
-0,045	21,2
-0,048	21,1
-0,051	21,0
-0,053	21,0
-0,056	21,0
-0,059	20,9
-0,061	20,9
-0,064	20,9
-0,067	20,9
-0,070	20,8
-0,072	20,8
-0,075	20,8
-0,078	20,8
-0,080	20,8
-0,083	20,8
-0,086	20,8
-0,088	20,8
-0,091	20,8
-0,094	20,8
-0,096	20,8
-0,099	20,8
-0,102	20,7
-0,104	20,7
-0,107	20,7
-0,110	20,7
-0,112	20,7
-0,115	20,7
-0,118	20,7
-0,120	20,7
-0,123	20,7
-0,126	20,7
-0,128	20,7
-0,131	20,7
-0,134	20,7
-0,136	20,7
-0,139	20,7
-0,142	20,7
-0,144	20,7
-0,147	20,7
-0,150	20,7
-0,152	20,7
-0,155	20,7
-0,158	20,7
-0,160	20,7
-0,163	20,7
-0,166	20,7
-0,168	20,7
-0,171	20,7
-0,174	20,7
-0,176	20,7
-0,179	20,7
-0,182	20,7
-0,184	20,7
-0,187	20,7
-0,190	20,7
-0,193	20,7
-0,195	20,7
-0,198	20,7
-0,201	20,7
-0,203	20,7
-0,206	20,7
-0,209	20,7
-0,211	20,7
-0,214	20,7
-0,217	20,7
-0,219	20,7
-0,222	20,7
-0,225	20,7
-0,227	20,7
-0,230	20,7
-0,233	20,7
-0,235	20,7
-0,238	20,7
-0,241	20,7
-0,243	20,7
-0,246	20,7
-0,249	20,7
-0,251	20,6
-0,254	20,7
-0,257	20,7
-0,259	20,7
-0,262	20,7
-0,265	20,7
-0,267	20,7
-0,270	20,7
-0,273	20,7
-0,275	20,7
-0,278	20,7
-0,281	20,7
-0,283	20,7
-0,286	20,7
-0,289	20,7
-0,291	20,6
-0,294	20,6
-0,297	20,6
-0,299	20,6
-0,302	20,6
-0,305	20,6
-0,307	20,6
-0,310	20,6
-0,313	20,6
-0,316	20,6
-0,318	20,6
-0,321	20,6
-0,324	20,6
-0,326	20,6
-0,329	20,6
-0,332	20,6
-0,334	20,6
-0,337	20,6
-0,340	20,6
-0,342	20,6
-0,345	20,6
-0,348	20,6
-0,350	20,6
-0,353	20,6
-0,356	20,6
-0,358	20,6
-0,361	20,6
-0,364	20,6
-0,366	20,5
-0,369	20,5
-0,372	20,5
-0,374	20,5
-0,377	20,5
-0,380	20,5
-0,382	20,5
-0,385	20,5
-0,388	20,5
-0,390	20,5
-0,393	20,5
-0,396	20,5
-0,398	20,5
-0,401	20,5
-0,404	20,5
-0,406	20,5
-0,409	20,5
-0,412	20,5
-0,414	20,5
-0,417	20,5
-0,420	20,5
-0,422	20,5
-0,425	20,5
-0,428	20,5
-0,430	20,5
-0,433	20,5
-0,436	20,5
-0,438	20,5
-0,441	20,5
-0,444	20,5
-0,447	20,5
-0,449	20,5
-0,452	20,5
-0,455	20,5
-0,457	20,5
-0,460	20,5
-0,463	20,5
-0,465	20,5
-0,468	20,5
-0,471	20,5
-0,473	20,5
-0,476	20,6
-0,479	20,6
-0,481	20,6
-0,484	20,6
-0,487	20,6
-0,489	20,6
-0,492	20,6
-0,495	20,6
-0,497	20,6
-0,500	20,6
-0,503	20,6
-0,505	20,6
-0,508	20,6
-0,511	20,6
-0,513	20,6
-0,516	20,6
-0,519	20,6
-0,521	20,6
-0,524	20,6
-0,527	20,6
-0,529	20,6
-0,532	20,6
-0,535	20,6
-0,537	20,6
-0,540	20,6
-0,543	20,6
-0,545	20,6
-0,548	20,6
-0,551	20,6
-0,553	20,6
-0,556	20,6
-0,559	20,6
-0,561	20,6
-0,564	20,6
-0,567	20,6
-0,570	20,6
-0,572	20,6
-0,575	20,6
-0,578	20,6
-0,580	20,6
-0,583	20,6
-0,586	20,6
-0,588	20,6
-0,591	20,7
-0,594	20,6
-0,596	20,6
-0,599	20,6
-0,602	20,6
-0,604	20,6
-0,607	20,6
-0,610	20,6
-0,612	20,6
-0,615	20,6
-0,618	20,6
-0,620	20,6
-0,623	20,6
-0,626	20,6
-0,628	20,6
-0,631	20,6
-0,634	20,6
-0,636	20,6
-0,639	20,6
-0,642	20,6
-0,644	20,6
-0,647	20,6
-0,650	20,6
-0,652	20,6
-0,655	20,6
-0,658	20,6
-0,660	20,6
-0,663	20,6
-0,666	20,6
-0,668	20,6
-0,671	20,6
-0,674	20,6
-0,676	20,6
-0,679	20,6
-0,682	20,6
-0,684	20,6
-0,687	20,6
-0,690	20,6
-0,692	20,6
-0,695	20,6
-0,698	20,6
-0,701	20,6
-0,703	20,6
-0,706	20,6
-0,709	20,6
-0,711	20,6
-0,714	20,6
-0,717	20,6
-0,719	20,6
-0,722	20,6
-0,725	20,6
-0,727	20,6
-0,730	20,6
-0,733	20,6
-0,735	20,6
-0,738	20,6
-0,741	20,6
-0,743	20,6
-0,746	20,6
-0,749	20,6
-0,751	20,6
-0,754	20,6
-0,757	20,6
-0,759	20,6
-0,762	20,6
-0,765	20,6
-0,767	20,6
-0,770	20,6
-0,773	20,6
-0,775	20,6
-0,778	20,6
-0,781	20,6
-0,783	20,6
-0,786	20,6
-0,789	20,6
-0,791	20,6
-0,794	20,6
-0,797	20,6
-0,799	20,6
-0,802	20,6
-0,805	20,6
-0,807	20,6
-0,810	20,6
-0,813	20,6
-0,815	20,6
-0,818	20,6
-0,821	20,6
-0,823	20,6
-0,826	20,6
-0,829	20,6
-0,831	20,6
-0,834	20,6
-0,837	20,6
-0,840	20,6
-0,842	20,6
-0,845	20,5
-0,848	20,5
-0,850	20,5
-0,853	20,5
-0,856	20,5
-0,858	20,5
-0,861	20,5
-0,864	20,5
-0,866	20,5
-0,869	20,5
-0,872	20,5
-0,874	20,5
-0,877	20,5
-0,880	20,5
-0,882	20,5
-0,885	20,5
-0,888	20,5
-0,890	20,5
-0,893	20,5
-0,896	20,5
-0,898	20,5
-0,901	20,5
-0,904	20,5
-0,906	20,5
-0,909	20,5
-0,912	20,5
-0,914	20,5
-0,917	20,5
-0,920	20,5
-0,922	20,5
-0,925	20,5
-0,928	20,5
-0,930	20,5
-0,933	20,5
-0,936	20,5
-0,938	20,5
-0,941	20,5
-0,944	20,5
-0,946	20,5
-0,949	20,5
-0,952	20,5
-0,954	20,5
-0,957	20,5
-0,960	20,5
-0,962	20,5
-0,965	20,5
-0,968	20,5
-0,970	20,5
-0,973	20,5
-0,976	20,5
-0,979	20,5
-0,981	20,5
-0,984	20,5
-0,987	20,5
-0,989	20,5
-0,992	20,5
-0,995	20,5
-0,997	20,5
-1,000	20,5
-1,003	20,5
-1,005	20,5
-1,008	20,5
-1,011	20,5
-1,013	20,5
-1,016	20,5
-1,019	20,5
-1,021	20,5
-1,024	20,5
-1,027	20,5
-1,029	20,5
-1,032	20,5
-1,035	20,5
-1,037	20,5
-1,040	20,5
-1,043	20,5
-1,045	20,5
-1,048	20,5
-1,051	20,5
-1,053	20,5
-1,056	20,5
-1,059	20,5
-1,061	20,5
-1,064	20,5
-1,067	20,5
-1,069	20,5
-1,072	20,5
-1,075	20,5
-1,077	20,5
-1,080	20,5
-1,083	20,5
-1,085	20,5
-1,088	20,5
-1,091	20,5
-1,093	20,5
-1,096	20,5
-1,099	20,5
-1,101	20,5
-1,104	20,5
-1,107	20,5
-1,109	20,4
-1,112	20,4
-1,115	20,4
-1,118	20,4
-1,120	20,4
-1,123	20,5
-1,126	20,5
-1,128	20,5
-1,131	20,5
-1,134	20,5
-1,136	20,5
-1,139	20,5
-1,142	20,5
-1,144	20,4
-1,147	20,4
-1,150	20,4
-1,152	20,4
-1,155	20,4
-1,158	20,4
-1,160	20,4
-1,163	20,4
-1,166	20,4
-1,168	20,4
-1,171	20,4
-1,174	20,4
-1,176	20,4
-1,179	20,4
-1,182	20,4
-1,184	20,4
-1,187	20,4
-1,190	20,4
-1,192	20,4
-1,195	20,4
-1,198	20,4
-1,200	20,4
-1,203	20,4
-1,206	20,4
-1,208	20,4
-1,211	20,4
-1,214	20,4
-1,216	20,4
-1,219	20,4
-1,222	20,4
-1,224	20,4
-1,227	20,4
-1,230	20,4
-1,232	20,4
-1,235	20,4
-1,238	20,4
-1,240	20,4
-1,243	20,4
-1,246	20,4
-1,248	20,4
-1,251	20,4
-1,254	20,4
-1,256	20,4
-1,259	20,4
-1,262	20,4
-1,265	20,4
-1,267	20,4
-1,270	20,4
-1,273	20,4
-1,275	20,4
-1,278	20,4
-1,281	20,4
-1,283	20,4
-1,286	20,4
-1,289	20,4
-1,291	20,4
-1,294	20,4
-1,297	20,4
-1,299	20,4
-1,302	20,4
-1,305	20,4
-1,307	20,4
-1,310	20,4
-1,313	20,4
-1,315	20,4
-1,318	20,4
-1,321	20,4
-1,323	20,4
-1,326	20,4
-1,329	20,4
-1,331	20,4
-1,334	20,4
-1,337	20,4
-1,339	20,4
-1,342	20,4
-1,345	20,4
-1,347	20,4
-1,350	20,4
-1,353	20,4
-1,355	20,4
-1,358	20,4
-1,361	20,4
-1,363	20,4
-1,366	20,4
-1,369	20,6
-1,371	20,5
-1,374	20,5
-1,377	20,5
-1,379	20,5
-1,382	20,5
-1,385	20,4
-1,387	20,4
-1,390	20,4
-1,393	20,4
-1,395	20,4
-1,398	20,4
-1,401	20,4
-1,403	20,4
-1,406	20,4
-1,409	20,4
-1,411	20,4
-1,414	20,4
-1,417	20,4
-1,419	20,4
-1,422	20,4
-1,425	20,4
-1,428	20,4
-1,430	20,4
-1,433	20,4
-1,436	20,4
-1,438	20,4
-1,441	20,4
-1,444	20,4
-1,446	20,4
-1,449	20,4
-1,452	20,4
-1,454	20,4
-1,457	20,4
-1,460	20,4
-1,462	20,4
-1,465	20,4
-1,468	20,4
-1,470	20,4
-1,473	20,4
-1,476	20,4
-1,478	20,4
-1,481	20,4
-1,484	20,4
-1,486	20,4
-1,489	20,4
-1,492	20,4
-1,494	20,4
-1,497	20,4
-1,500	20,4
-1,502	20,4
-1,505	20,4
-1,508	20,4
-1,510	20,4
-1,513	20,4
-1,516	20,4
-1,518	20,4
-1,521	20,4
-1,524	20,4
-1,526	20,4
-1,529	20,4
-1,532	20,4
-1,534	20,4
-1,537	20,4
-1,540	20,4
-1,542	20,4
-1,545	20,4
-1,548	20,4
-1,550	20,4
-1,553	20,4
-1,556	20,4
-1,558	20,4
-1,561	20,4
-1,564	20,4
-1,566	20,4
-1,569	20,4
-1,572	20,4
-1,574	20,4
-1,577	20,4
-1,580	20,4
-1,582	20,4
-1,585	20,4
-1,588	20,4
-1,591	20,4
-1,593	20,4
-1,596	20,4
-1,599	20,4
-1,601	20,4
-1,604	20,4
-1,607	20,4
-1,609	20,4
-1,612	20,4
-1,615	20,4
-1,617	20,4
-1,620	20,4
-1,623	20,4
-1,625	20,4
-1,628	20,4
-1,631	20,4
-1,633	20,4
-1,636	20,4
-1,639	20,4
-1,641	20,4
-1,644	20,4
-1,647	20,4
-1,649	20,4
-1,652	20,4
-1,655	20,4
-1,657	20,4
-1,660	20,4
-1,663	20,4
-1,665	20,4
-1,668	20,4
-1,671	20,4
-1,673	20,4
-1,676	20,4
-1,679	20,4
-1,681	20,4
-1,684	20,4
-1,687	20,4
-1,689	20,4
-1,692	20,4
-1,695	20,4
-1,697	20,4
-1,700	20,4
-1,703	20,4
-1,705	20,4
-1,708	20,4
-1,711	20,4
-1,713	20,4
-1,716	20,4
-1,719	20,4
-1,721	20,4
-1,724	20,4
-1,727	20,4
-1,729	20,4
-1,732	20,4
-1,735	20,4
-1,737	20,4
-1,740	20,4
-1,743	20,4
-1,745	20,4
-1,748	20,4
-1,751	20,3
-1,753	20,4
-1,756	20,4
-1,759	20,3
-1,761	20,4
-1,764	20,4
-1,767	20,4
-1,769	20,4
-1,772	20,4
-1,775	20,4
-1,778	20,4
-1,780	20,3
-1,783	20,4
-1,786	20,4
-1,788	20,3
-1,791	20,3
-1,794	20,3
-1,796	20,3
-1,799	20,3
-1,802	20,3
-1,804	20,3
-1,807	20,3
-1,810	20,3
-1,812	20,3
-1,815	20,3
-1,818	20,3
-1,820	20,3
-1,823	20,3
-1,826	20,3
-1,828	20,3
-1,831	20,3
-1,834	20,3
-1,836	20,3
-1,839	20,3
-1,842	20,3
-1,844	20,3
-1,847	20,3
-1,850	20,3
-1,852	20,4
-1,855	20,3
-1,858	20,4
-1,860	20,4
-1,863	20,3
-1,866	20,3
-1,868	20,3
-1,871	20,4
-1,874	20,4
-1,876	20,3
-1,879	20,4
-1,882	20,4
-1,884	20,4
-1,887	20,4
-1,890	20,4
-1,892	20,4
-1,895	20,4
-1,898	20,4
-1,900	20,4
-1,903	20,4
-1,906	20,3
-1,908	20,3
-1,911	20,4
-1,914	20,3
-1,916	20,3
-1,919	20,3
-1,922	20,3
-1,924	20,3
-1,927	20,3
-1,930	20,3
-1,932	20,3
-1,935	20,3
-1,938	20,3
-1,940	20,3
-1,943	20,3
-1,946	20,3
-1,948	20,3
-1,951	20,3
-1,954	20,3
-1,956	20,3
-1,959	20,3
-1,962	20,3
-1,964	20,3
-1,967	20,3
-1,970	20,3
-1,972	20,3
-1,975	20,3
-1,978	20,3
-1,980	20,3
-1,983	20,3
-1,986	20,3
-1,989	20,3
-1,991	20,3
-1,994	20,3
-1,997	20,3
-1,999	20,3
-2,002	20,3
-2,005	20,3
-2,007	20,3
-2,010	20,3
-2,013	20,3
-2,015	20,3
-2,018	20,3
-2,021	20,3
-2,023	20,3
-2,026	20,3
-2,029	20,3
-2,031	20,3
-2,034	20,3
-2,037	20,3
-2,039	20,3
-2,042	20,3
-2,045	20,3
-2,047	20,3
-2,050	20,3
-2,053	20,3
-2,055	20,3
-2,058	20,3
-2,061	20,3
-2,063	20,3
-2,066	20,3
-2,069	20,3
-2,071	20,3
-2,074	20,3
-2,077	20,3
-2,079	20,3
-2,082	20,3
-2,085	20,3
-2,087	20,3
-2,090	20,3
-2,093	20,3
-2,095	20,3
-2,098	20,3
-2,101	20,3
-2,103	20,3
-2,106	20,3
-2,109	20,3
-2,111	20,3
-2,114	20,3
-2,117	20,3
-2,119	20,3
-2,122	20,3
-2,125	20,3
-2,127	20,3
-2,130	20,3
-2,133	20,3
-2,135	20,3
-2,138	20,3
-2,141	20,3
-2,143	20,3
-2,146	20,3
-2,149	20,3
-2,151	20,3
-2,154	20,3
-2,157	20,3
-2,159	20,3
-2,162	20,3
-2,165	20,3
-2,167	20,3
-2,170	20,3
-2,173	20,3
-2,175	20,3
-2,178	20,3
-2,181	20,3
-2,183	20,3
-2,186	20,3
-2,189	20,3
-2,191	20,3
-2,194	20,3
-2,197	20,3
-2,199	20,3
-2,202	20,3
-2,205	20,3
-2,207	20,3
-2,210	20,3
-2,213	20,3
-2,215	20,3
-2,218	20,3
-2,221	20,3
-2,223	20,3
-2,226	20,3
-2,229	20,3
-2,231	20,3
-2,234	20,3
-2,237	20,3
-2,240	20,3
-2,242	20,3
-2,245	20,3
-2,248	20,3
-2,250	20,3
-2,253	20,3
-2,256	20,3
-2,258	20,3
-2,261	20,3
-2,264	20,3
-2,266	20,3
-2,269	20,3
-2,272	20,3
-2,274	20,3
-2,277	20,3
-2,280	20,3
-2,282	20,3
-2,285	20,3
-2,288	20,3
-2,290	20,3
-2,293	20,3
-2,296	20,3
-2,298	20,3
-2,301	20,3
-2,304	20,3
-2,306	20,3
-2,309	20,3
-2,312	20,3
-2,314	20,3
-2,317	20,3
-2,320	20,3
-2,322	20,3
-2,325	20,3
-2,328	20,3
-2,330	20,3
-2,333	20,3
-2,336	20,3
-2,338	20,3
-2,341	20,3
-2,344	20,3
-2,346	20,3
-2,349	20,4
-2,352	20,4
-2,354	20,4
-2,357	20,3
-2,360	20,3
-2,362	20,3
-2,365	20,3
-2,368	20,3
-2,370	20,3
-2,373	20,3
-2,376	20,3
-2,378	20,3
-2,381	20,3
-2,384	20,3
-2,386	20,3
-2,389	20,4
-2,392	20,4
-2,394	20,3
-2,397	20,3
-2,400	20,3
-2,402	20,3
-2,405	20,3
-2,408	20,3
-2,410	20,3
-2,413	20,3
-2,416	20,3
-2,418	20,3
-2,421	20,3
-2,424	20,3
-2,426	20,3
-2,429	20,3
-2,432	20,3
-2,434	20,3
-2,437	20,3
-2,440	20,3
-2,442	20,3
-2,445	20,3
-2,448	20,3
-2,450	20,3
-2,453	20,3
-2,456	20,3
-2,458	20,3
-2,461	20,3
-2,464	20,3
-2,466	20,3
-2,469	20,3
-2,472	20,3
-2,474	20,3
-2,477	20,3
-2,480	20,3
-2,482	20,3
-2,485	20,2
-2,488	20,2
-2,490	20,2
-2,493	20,2
-2,496	20,2
-2,498	20,2
-2,501	20,2
-2,504	20,2
-2,506	20,2
-2,509	20,2
-2,512	20,2
-2,514	20,2
-2,517	20,2
-2,520	20,2
-2,522	20,2
-2,525	20,2
-2,528	20,2
-2,530	20,2
-2,533	20,2
-2,536	20,2
-2,538	20,2
-2,541	20,2
-2,544	20,2
-2,546	20,2
-2,549	20,2
-2,552	20,2
-2,554	20,2
-2,557	20,2
-2,560	20,2
-2,562	20,2
-2,565	20,2
-2,568	20,2
-2,570	20,3
-2,573	20,2
-2,576	20,2
-2,578	20,2
-2,581	20,2
-2,584	20,2
-2,586	20,2
-2,589	20,2
-2,592	20,2
-2,594	20,2
-2,597	20,2
-2,600	20,2
-2,602	20,2
-2,605	20,2
-2,608	20,2
-2,610	20,2
-2,613	20,2
-2,616	20,2
-2,619	20,2
-2,621	20,2
-2,624	20,2
-2,627	20,2
-2,629	20,2
-2,632	20,2
-2,635	20,2
-2,637	20,2
-2,640	20,2
-2,643	20,2
-2,645	20,2
-2,648	20,2
-2,651	20,2
-2,653	20,2
-2,656	20,2
-2,659	20,2
-2,661	20,2
-2,664	20,2
-2,667	20,2
-2,669	20,2
-2,672	20,2
-2,675	20,2
-2,677	20,2
-2,680	20,2
-2,683	20,2
-2,685	20,2
-2,688	20,1
-2,691	20,1
-2,693	20,1
-2,696	20,2
-2,699	20,1
-2,701	20,1
-2,704	20,2
-2,707	20,2
-2,709	20,1
-2,712	20,1
-2,715	20,2
-2,717	20,2
-2,720	20,2
-2,723	20,2
-2,725	20,2
-2,728	20,2
-2,731	20,2
-2,733	20,2
