&a / °	I1 / %
2,736	14,5
2,733	14,5
2,731	14,4
2,728	14,4
2,725	14,4
2,723	14,5
2,720	14,4
2,717	14,4
2,715	14,4
2,712	14,5
2,709	14,5
2,707	14,5
2,704	14,4
2,701	14,5
2,699	14,4
2,696	14,4
2,693	14,5
2,691	14,4
2,688	14,4
2,685	14,4
2,683	14,5
2,680	14,5
2,677	14,5
2,675	14,5
2,672	14,4
2,669	14,4
2,667	14,5
2,664	14,4
2,661	14,4
2,659	14,4
2,656	14,4
2,653	14,4
2,651	14,4
2,648	14,4
2,645	14,4
2,643	14,4
2,640	14,4
2,637	14,5
2,635	14,4
2,632	14,4
2,629	14,4
2,627	14,4
2,624	14,4
2,621	14,4
2,619	14,4
2,616	14,5
2,613	14,4
2,610	14,4
2,608	14,4
2,605	14,5
2,602	14,4
2,600	14,4
2,597	14,4
2,594	14,4
2,592	14,4
2,589	14,4
2,586	14,4
2,584	14,4
2,581	14,4
2,578	14,4
2,576	14,4
2,573	14,4
2,570	14,4
2,568	14,4
2,565	14,4
2,562	14,4
2,560	14,4
2,557	14,4
2,554	14,4
2,552	14,4
2,549	14,4
2,546	14,4
2,544	14,4
2,541	14,4
2,538	14,4
2,536	14,4
2,533	14,4
2,530	14,4
2,528	14,4
2,525	14,4
2,522	14,4
2,520	14,4
2,517	14,4
2,514	14,4
2,512	14,4
2,509	14,4
2,506	14,4
2,504	14,4
2,501	14,4
2,498	14,4
2,496	14,4
2,493	14,4
2,490	14,4
2,488	14,4
2,485	14,4
2,482	14,4
2,480	14,4
2,477	14,4
2,474	14,4
2,472	14,4
2,469	14,4
2,466	14,4
2,464	14,4
2,461	14,4
2,458	14,4
2,456	14,4
2,453	14,4
2,450	14,4
2,448	14,4
2,445	14,4
2,442	14,4
2,440	14,4
2,437	14,4
2,434	14,4
2,432	14,4
2,429	14,4
2,426	14,4
2,424	14,4
2,421	14,4
2,418	14,4
2,416	14,4
2,413	14,4
2,410	14,4
2,408	14,4
2,405	14,4
2,402	14,4
2,400	14,4
2,397	14,4
2,394	14,4
2,392	14,4
2,389	14,4
2,386	14,4
2,384	14,4
2,381	14,4
2,378	14,4
2,376	14,4
2,373	14,4
2,370	14,4
2,368	14,4
2,365	14,4
2,362	14,4
2,360	14,4
2,357	14,4
2,354	14,4
2,352	14,4
2,349	14,4
2,346	14,4
2,344	14,4
2,341	14,4
2,338	14,4
2,336	14,4
2,333	14,4
2,330	14,4
2,328	14,4
2,325	14,4
2,322	14,4
2,320	14,4
2,317	14,4
2,314	14,4
2,312	14,4
2,309	14,4
2,306	14,4
2,304	14,4
2,301	14,4
2,298	14,4
2,296	14,4
2,293	14,4
2,290	14,4
2,288	14,4
2,285	14,4
2,282	14,4
2,280	14,4
2,277	14,4
2,274	14,4
2,272	14,4
2,269	14,4
2,266	14,5
2,264	14,4
2,261	14,4
2,258	14,5
2,256	14,4
2,253	14,4
2,250	14,4
2,248	14,4
2,245	14,4
2,242	14,4
2,240	14,4
2,237	14,4
2,234	14,5
2,231	14,5
2,229	14,4
2,226	14,4
2,223	14,4
2,221	14,4
2,218	14,5
2,215	14,5
2,213	14,4
2,210	14,5
2,207	14,5
2,205	14,5
2,202	14,5
2,199	14,5
2,197	14,4
2,194	14,5
2,191	14,5
2,189	14,5
2,186	14,5
2,183	14,5
2,181	14,5
2,178	14,5
2,175	14,4
2,173	14,4
2,170	14,5
2,167	14,4
2,165	14,5
2,162	14,5
2,159	14,5
2,157	14,5
2,154	14,5
2,151	14,5
2,149	14,5
2,146	14,5
2,143	14,5
2,141	14,5
2,138	14,5
2,135	14,5
2,133	14,5
2,130	14,5
2,127	14,5
2,125	14,5
2,122	14,5
2,119	14,5
2,117	14,5
2,114	14,5
2,111	14,5
2,109	14,5
2,106	14,5
2,103	14,5
2,101	14,5
2,098	14,5
2,095	14,5
2,093	14,5
2,090	14,5
2,087	14,5
2,085	14,5
2,082	14,5
2,079	14,5
2,077	14,5
2,074	14,5
2,071	14,5
2,069	14,5
2,066	14,5
2,063	14,5
2,061	14,5
2,058	14,5
2,055	14,5
2,053	14,5
2,050	14,5
2,047	14,6
2,045	14,6
2,042	14,5
2,039	14,5
2,037	14,6
2,034	14,5
2,031	14,6
2,029	14,6
2,026	14,5
2,023	14,5
2,021	14,6
2,018	14,6
2,015	14,5
2,013	14,6
2,010	14,6
2,007	14,5
2,005	14,5
2,002	14,5
1,999	14,5
1,997	14,5
1,994	14,5
1,991	14,5
1,989	14,5
1,986	14,5
1,983	14,5
1,980	14,6
1,978	14,5
1,975	14,5
1,972	14,6
1,970	14,6
1,967	14,6
1,964	14,6
1,962	14,6
1,959	14,6
1,956	14,6
1,954	14,6
1,951	14,6
1,948	14,6
1,946	14,6
1,943	14,6
1,940	14,6
1,938	14,6
1,935	14,6
1,932	14,7
1,930	14,6
1,927	14,6
1,924	14,6
1,922	14,6
1,919	14,6
1,916	14,7
1,914	14,7
1,911	14,7
1,908	14,7
1,906	14,7
1,903	14,6
1,900	14,6
1,898	14,7
1,895	14,7
1,892	14,6
1,890	14,7
1,887	14,7
1,884	14,7
1,882	14,6
1,879	14,6
1,876	14,7
1,874	14,7
1,871	14,6
1,868	14,6
1,866	14,7
1,863	14,6
1,860	14,7
1,858	14,7
1,855	14,6
1,852	14,6
1,850	14,7
1,847	14,7
1,844	14,6
1,842	14,6
1,839	14,7
1,836	14,7
1,834	14,6
1,831	14,6
1,828	14,7
1,826	14,7
1,823	14,7
1,820	14,7
1,818	14,7
1,815	14,7
1,812	14,7
1,810	14,7
1,807	14,7
1,804	14,7
1,802	14,7
1,799	14,7
1,796	14,7
1,794	14,7
1,791	14,7
1,788	14,7
1,786	14,7
1,783	14,7
1,780	14,7
1,778	14,7
1,775	14,7
1,772	14,7
1,769	14,7
1,767	14,7
1,764	14,7
1,761	14,7
1,759	14,7
1,756	14,7
1,753	14,7
1,751	14,7
1,748	14,7
1,745	14,8
1,743	14,8
1,740	14,8
1,737	14,8
1,735	14,8
1,732	14,7
1,729	14,8
1,727	14,8
1,724	14,8
1,721	14,8
1,719	14,8
1,716	14,8
1,713	14,8
1,711	14,8
1,708	14,8
1,705	14,8
1,703	14,8
1,700	14,8
1,697	14,8
1,695	14,8
1,692	14,8
1,689	14,8
1,687	14,8
1,684	14,8
1,681	14,8
1,679	14,9
1,676	14,9
1,673	14,8
1,671	14,8
1,668	14,8
1,665	14,8
1,663	14,8
1,660	14,8
1,657	14,8
1,655	14,8
1,652	14,8
1,649	14,8
1,647	14,9
1,644	14,9
1,641	14,9
1,639	14,9
1,636	14,9
1,633	14,9
1,631	14,9
1,628	14,9
1,625	14,9
1,623	14,9
1,620	14,9
1,617	14,9
1,615	14,9
1,612	14,9
1,609	14,9
1,607	14,9
1,604	14,9
1,601	14,9
1,599	14,8
1,596	14,9
1,593	14,9
1,591	14,9
1,588	14,8
1,585	14,8
1,582	14,9
1,580	14,9
1,577	14,9
1,574	14,9
1,572	14,9
1,569	14,9
1,566	14,9
1,564	14,9
1,561	14,9
1,558	14,9
1,556	14,9
1,553	14,9
1,550	14,9
1,548	14,9
1,545	14,9
1,542	14,9
1,540	14,9
1,537	14,9
1,534	14,9
1,532	14,9
1,529	14,9
1,526	14,9
1,524	15,0
1,521	14,9
1,518	15,0
1,516	15,0
1,513	15,0
1,510	14,9
1,508	15,0
1,505	15,0
1,502	14,9
1,500	14,9
1,497	14,9
1,494	14,9
1,492	14,9
1,489	14,9
1,486	14,9
1,484	14,9
1,481	15,0
1,478	15,0
1,476	15,0
1,473	15,0
1,470	15,0
1,468	15,0
1,465	15,0
1,462	15,0
1,460	15,0
1,457	15,0
1,454	15,0
1,452	15,0
1,449	15,0
1,446	15,0
1,444	15,0
1,441	15,0
1,438	15,0
1,436	15,0
1,433	15,0
1,430	15,0
1,428	15,0
1,425	15,0
1,422	15,0
1,419	15,0
1,417	15,0
1,414	15,0
1,411	15,0
1,409	15,0
1,406	15,0
1,403	15,0
1,401	15,0
1,398	15,0
1,395	15,0
1,393	15,0
1,390	15,0
1,387	15,0
1,385	15,0
1,382	15,0
1,379	15,0
1,377	15,0
1,374	15,0
1,371	15,0
1,369	15,1
1,366	15,1
1,363	15,1
1,361	15,1
1,358	15,1
1,355	15,1
1,353	15,1
1,350	15,1
1,347	15,1
1,345	15,1
1,342	15,1
1,339	15,1
1,337	15,1
1,334	15,1
1,331	15,0
1,329	15,0
1,326	15,0
1,323	15,0
1,321	15,0
1,318	15,0
1,315	15,0
1,313	15,0
1,310	15,0
1,307	15,0
1,305	15,0
1,302	15,0
1,299	15,0
1,297	15,1
1,294	15,1
1,291	15,1
1,289	15,1
1,286	15,1
1,283	15,1
1,281	15,1
1,278	15,1
1,275	15,1
1,273	15,1
1,270	15,1
1,267	15,1
1,265	15,1
1,262	15,1
1,259	15,1
1,256	15,1
1,254	15,1
1,251	15,1
1,248	15,1
1,246	15,1
1,243	15,1
1,240	15,1
1,238	15,1
1,235	15,1
1,232	15,1
1,230	15,1
1,227	15,1
1,224	15,1
1,222	15,1
1,219	15,1
1,216	15,1
1,214	15,1
1,211	15,1
1,208	15,1
1,206	15,1
1,203	15,1
1,200	15,1
1,198	15,1
1,195	15,1
1,192	15,1
1,190	15,1
1,187	15,1
1,184	15,1
1,182	15,1
1,179	15,1
1,176	15,1
1,174	15,1
1,171	15,1
1,168	15,1
1,166	15,1
1,163	15,1
1,160	15,1
1,158	15,1
1,155	15,1
1,152	15,1
1,150	15,1
1,147	15,1
1,144	15,1
1,142	15,1
1,139	15,1
1,136	15,1
1,134	15,1
1,131	15,1
1,128	15,1
1,126	15,1
1,123	15,1
1,120	15,1
1,118	15,1
1,115	15,1
1,112	15,1
1,109	15,1
1,107	15,1
1,104	15,1
1,101	15,1
1,099	15,2
1,096	15,2
1,093	15,2
1,091	15,2
1,088	15,2
1,085	15,2
1,083	15,2
1,080	15,2
1,077	15,2
1,075	15,2
1,072	15,2
1,069	15,2
1,067	15,2
1,064	15,2
1,061	15,2
1,059	15,2
1,056	15,2
1,053	15,2
1,051	15,2
1,048	15,2
1,045	15,2
1,043	15,2
1,040	15,2
1,037	15,2
1,035	15,2
1,032	15,2
1,029	15,2
1,027	15,2
1,024	15,2
1,021	15,2
1,019	15,2
1,016	15,2
1,013	15,2
1,011	15,2
1,008	15,2
1,005	15,2
1,003	15,2
1,000	15,2
0,997	15,2
0,995	15,2
0,992	15,2
0,989	15,2
0,987	15,2
0,984	15,2
0,981	15,2
0,979	15,2
0,976	15,2
0,973	15,2
0,970	15,2
0,968	15,2
0,965	15,2
0,962	15,2
0,960	15,2
0,957	15,2
0,954	15,2
0,952	15,2
0,949	15,2
0,946	15,2
0,944	15,2
0,941	15,2
0,938	15,2
0,936	15,2
0,933	15,2
0,930	15,2
0,928	15,2
0,925	15,2
0,922	15,2
0,920	15,2
0,917	15,2
0,914	15,2
0,912	15,2
0,909	15,2
0,906	15,2
0,904	15,2
0,901	15,2
0,898	15,2
0,896	15,2
0,893	15,2
0,890	15,2
0,888	15,2
0,885	15,2
0,882	15,2
0,880	15,2
0,877	15,2
0,874	15,2
0,872	15,3
0,869	15,3
0,866	15,3
0,864	15,3
0,861	15,3
0,858	15,3
0,856	15,3
0,853	15,3
0,850	15,3
0,848	15,3
0,845	15,3
0,842	15,3
0,840	15,3
0,837	15,3
0,834	15,3
0,831	15,3
0,829	15,3
0,826	15,3
0,823	15,3
0,821	15,3
0,818	15,3
0,815	15,3
0,813	15,3
0,810	15,3
0,807	15,4
0,805	15,4
0,802	15,4
0,799	15,4
0,797	15,4
0,794	15,4
0,791	15,4
0,789	15,4
0,786	15,4
0,783	15,4
0,781	15,4
0,778	15,4
0,775	15,4
0,773	15,4
0,770	15,4
0,767	15,4
0,765	15,4
0,762	15,4
0,759	15,4
0,757	15,4
0,754	15,4
0,751	15,4
0,749	15,4
0,746	15,4
0,743	15,4
0,741	15,4
0,738	15,4
0,735	15,4
0,733	15,4
0,730	15,4
0,727	15,4
0,725	15,4
0,722	15,5
0,719	15,5
0,717	15,5
0,714	15,5
0,711	15,5
0,709	15,5
0,706	15,5
0,703	15,5
0,701	15,5
0,698	15,5
0,695	15,5
0,692	15,5
0,690	15,5
0,687	15,5
0,684	15,5
0,682	15,5
0,679	15,5
0,676	15,5
0,674	15,5
0,671	15,5
0,668	15,5
0,666	15,5
0,663	15,5
0,660	15,5
0,658	15,5
0,655	15,5
0,652	15,5
0,650	15,5
0,647	15,5
0,644	15,5
0,642	15,5
0,639	15,5
0,636	15,5
0,634	15,5
0,631	15,5
0,628	15,5
0,626	15,5
0,623	15,5
0,620	15,5
0,618	15,5
0,615	15,5
0,612	15,5
0,610	15,5
0,607	15,5
0,604	15,5
0,602	15,5
0,599	15,5
0,596	15,5
0,594	15,5
0,591	15,5
0,588	15,5
0,586	15,5
0,583	15,5
0,580	15,5
0,578	15,5
0,575	15,5
0,572	15,5
0,570	15,5
0,567	15,5
0,564	15,5
0,561	15,5
0,559	15,5
0,556	15,5
0,553	15,6
0,551	15,5
0,548	15,5
0,545	15,5
0,543	15,5
0,540	15,6
0,537	15,6
0,535	15,6
0,532	15,5
0,529	15,6
0,527	15,6
0,524	15,6
0,521	15,6
0,519	15,6
0,516	15,6
0,513	15,6
0,511	15,6
0,508	15,6
0,505	15,6
0,503	15,6
0,500	15,6
0,497	15,6
0,495	15,6
0,492	15,6
0,489	15,6
0,487	15,6
0,484	15,6
0,481	15,6
0,479	15,6
0,476	15,6
0,473	15,6
0,471	15,6
0,468	15,6
0,465	15,6
0,463	15,6
0,460	15,6
0,457	15,6
0,455	15,6
0,452	15,6
0,449	15,6
0,447	15,6
0,444	15,6
0,441	15,6
0,438	15,6
0,436	15,6
0,433	15,6
0,430	15,6
0,428	15,6
0,425	15,6
0,422	15,6
0,420	15,6
0,417	15,6
0,414	15,6
0,412	15,6
0,409	15,6
0,406	15,6
0,404	15,6
0,401	15,6
0,398	15,6
0,396	15,6
0,393	15,6
0,390	15,6
0,388	15,6
0,385	15,6
0,382	15,6
0,380	15,6
0,377	15,6
0,374	15,6
0,372	15,6
0,369	15,6
0,366	15,6
0,364	15,6
0,361	15,6
0,358	15,6
0,356	15,6
0,353	15,6
0,350	15,6
0,348	15,6
0,345	15,6
0,342	15,6
0,340	15,7
0,337	15,6
0,334	15,7
0,332	15,7
0,329	15,7
0,326	15,6
0,324	15,7
0,321	15,7
0,318	15,7
0,316	15,7
0,313	15,7
0,310	15,7
0,307	15,7
0,305	15,7
0,302	15,7
0,299	15,7
0,297	15,7
0,294	15,7
0,291	15,7
0,289	15,7
0,286	15,7
0,283	15,7
0,281	15,7
0,278	15,7
0,275	15,7
0,273	15,7
0,270	15,7
0,267	15,7
0,265	15,7
0,262	15,7
0,259	15,7
0,257	15,7
0,254	15,7
0,251	15,7
0,249	15,7
0,246	15,8
0,243	15,7
0,241	15,7
0,238	15,8
0,235	15,8
0,233	15,8
0,230	15,7
0,227	15,7
0,225	15,8
0,222	15,7
0,219	15,7
0,217	15,7
0,214	15,7
0,211	15,7
0,209	15,7
0,206	15,7
0,203	15,7
0,201	15,7
0,198	15,7
0,195	15,7
0,193	15,7
0,190	15,7
0,187	15,7
0,184	15,7
0,182	15,7
0,179	15,7
0,176	15,7
0,174	15,7
0,171	15,7
0,168	15,7
0,166	15,7
0,163	15,7
0,160	15,7
0,158	15,7
0,155	15,7
0,152	15,7
0,150	15,7
0,147	15,7
0,144	15,7
0,142	15,7
0,139	15,7
0,136	15,7
0,134	15,7
0,131	15,7
0,128	15,7
0,126	15,7
0,123	15,7
0,120	15,7
0,118	15,7
0,115	15,7
0,112	15,7
0,110	15,7
0,107	15,7
0,104	15,7
0,102	15,7
0,099	15,7
0,096	15,7
0,094	15,7
0,091	15,8
0,088	15,8
0,086	15,8
0,083	15,8
0,080	15,8
0,078	15,8
0,075	15,8
0,072	15,8
0,070	15,8
0,067	15,8
0,064	15,8
0,061	15,8
0,059	15,8
0,056	15,8
0,053	15,8
0,051	15,8
0,048	15,8
0,045	15,8
0,043	15,8
0,040	15,8
0,037	15,8
0,035	15,7
0,032	15,7
0,029	15,7
0,027	15,7
0,024	15,7
0,021	15,7
0,019	15,7
0,016	15,7
0,013	15,7
0,011	15,7
0,008	15,7
0,005	15,7
0,003	15,7
0,000	15,8
-0,003	15,8
-0,005	15,7
-0,008	15,7
-0,011	15,7
-0,013	15,7
-0,016	15,7
-0,019	15,7
-0,021	15,7
-0,024	15,7
-0,027	15,7
-0,029	15,7
-0,032	15,7
-0,035	15,7
-0,037	15,8
-0,040	15,8
-0,043	15,7
-0,045	15,7
-0,048	15,7
-0,051	15,8
-0,053	15,8
-0,056	15,8
-0,059	15,8
-0,061	15,7
-0,064	15,7
-0,067	15,7
-0,070	15,7
-0,072	15,7
-0,075	15,7
-0,078	15,7
-0,080	15,7
-0,083	15,7
-0,086	15,7
-0,088	15,7
-0,091	15,7
-0,094	15,7
-0,096	15,7
-0,099	15,7
-0,102	15,7
-0,104	15,7
-0,107	15,7
-0,110	15,7
-0,112	15,7
-0,115	15,7
-0,118	15,7
-0,120	15,7
-0,123	15,7
-0,126	15,7
-0,128	15,7
-0,131	15,7
-0,134	15,8
-0,136	15,7
-0,139	15,7
-0,142	15,7
-0,144	15,7
-0,147	15,8
-0,150	15,8
-0,152	15,8
-0,155	15,7
-0,158	15,7
-0,160	15,8
-0,163	15,8
-0,166	15,8
-0,168	15,8
-0,171	15,8
-0,174	15,8
-0,176	15,8
-0,179	15,8
-0,182	15,8
-0,184	15,8
-0,187	15,8
-0,190	15,8
-0,193	15,8
-0,195	15,8
-0,198	15,8
-0,201	15,8
-0,203	15,8
-0,206	15,8
-0,209	15,8
-0,211	15,8
-0,214	15,8
-0,217	15,8
-0,219	15,8
-0,222	15,8
-0,225	15,8
-0,227	15,8
-0,230	15,8
-0,233	15,8
-0,235	15,8
-0,238	15,8
-0,241	15,8
-0,243	15,8
-0,246	15,8
-0,249	15,8
-0,251	15,8
-0,254	15,8
-0,257	15,8
-0,259	15,8
-0,262	15,8
-0,265	15,8
-0,267	15,8
-0,270	15,8
-0,273	15,8
-0,275	15,8
-0,278	15,8
-0,281	15,8
-0,283	15,8
-0,286	15,8
-0,289	15,8
-0,291	15,8
-0,294	15,8
-0,297	15,8
-0,299	15,8
-0,302	15,8
-0,305	15,8
-0,307	15,8
-0,310	15,8
-0,313	15,8
-0,316	15,8
-0,318	15,8
-0,321	15,8
-0,324	15,8
-0,326	15,8
-0,329	15,8
-0,332	15,8
-0,334	15,8
-0,337	15,8
-0,340	15,8
-0,342	15,9
-0,345	15,9
-0,348	16,0
-0,350	16,1
-0,353	16,1
-0,356	16,2
-0,358	16,3
-0,361	16,5
-0,364	16,6
-0,366	16,7
-0,369	16,7
-0,372	16,8
-0,374	16,8
-0,377	16,9
-0,380	17,2
-0,382	17,4
-0,385	17,6
-0,388	17,6
-0,390	17,7
-0,393	17,7
-0,396	17,7
-0,398	17,8
-0,401	17,8
-0,404	17,8
-0,406	17,7
-0,409	17,8
-0,412	17,8
-0,414	17,8
-0,417	17,8
-0,420	17,8
-0,422	17,8
-0,425	17,8
-0,428	17,8
-0,430	17,8
-0,433	17,8
-0,436	17,8
-0,438	17,8
-0,441	17,8
-0,444	17,8
-0,447	17,8
-0,449	17,8
-0,452	17,7
-0,455	17,7
-0,457	17,7
-0,460	17,6
-0,463	17,5
-0,465	17,4
-0,468	17,2
-0,471	17,0
-0,473	16,9
-0,476	16,9
-0,479	16,8
-0,481	16,8
-0,484	16,8
-0,487	16,7
-0,489	16,5
-0,492	16,3
-0,495	16,2
-0,497	16,1
-0,500	16,1
-0,503	16,0
-0,505	16,0
-0,508	16,0
-0,511	16,0
-0,513	16,0
-0,516	16,0
-0,519	16,0
-0,521	15,9
-0,524	16,0
-0,527	15,9
-0,529	15,9
-0,532	15,9
-0,535	15,9
-0,537	15,9
-0,540	15,9
-0,543	15,9
-0,545	15,9
-0,548	15,9
-0,551	15,9
-0,553	15,9
-0,556	15,9
-0,559	15,9
-0,561	15,9
-0,564	15,9
-0,567	15,9
-0,570	15,9
-0,572	15,9
-0,575	15,9
-0,578	15,9
-0,580	15,9
-0,583	15,9
-0,586	15,9
-0,588	15,9
-0,591	15,9
-0,594	15,9
-0,596	15,9
-0,599	15,9
-0,602	15,9
-0,604	15,9
-0,607	15,9
-0,610	15,9
-0,612	15,9
-0,615	15,9
-0,618	15,9
-0,620	15,9
-0,623	15,9
-0,626	15,9
-0,628	15,9
-0,631	15,9
-0,634	15,9
-0,636	15,9
-0,639	15,9
-0,642	15,9
-0,644	15,9
-0,647	15,9
-0,650	15,9
-0,652	15,9
-0,655	15,9
-0,658	15,9
-0,660	15,9
-0,663	15,9
-0,666	15,9
-0,668	15,9
-0,671	15,9
-0,674	15,9
-0,676	15,9
-0,679	15,9
-0,682	15,9
-0,684	15,9
-0,687	15,9
-0,690	15,9
-0,692	15,9
-0,695	15,9
-0,698	15,9
-0,701	15,9
-0,703	15,9
-0,706	15,9
-0,709	15,9
-0,711	15,9
-0,714	15,9
-0,717	15,9
-0,719	15,8
-0,722	15,9
-0,725	15,9
-0,727	15,9
-0,730	15,9
-0,733	15,9
-0,735	15,9
-0,738	15,9
-0,741	15,9
-0,743	15,9
-0,746	15,9
-0,749	15,9
-0,751	15,9
-0,754	15,9
-0,757	15,9
-0,759	15,9
-0,762	15,9
-0,765	15,9
-0,767	15,9
-0,770	15,9
-0,773	15,9
-0,775	15,9
-0,778	15,9
-0,781	15,9
-0,783	15,9
-0,786	15,9
-0,789	15,9
-0,791	15,9
-0,794	15,9
-0,797	15,9
-0,799	15,9
-0,802	15,9
-0,805	15,9
-0,807	15,9
-0,810	15,9
-0,813	15,9
-0,815	15,9
-0,818	15,9
-0,821	15,9
-0,823	15,9
-0,826	15,9
-0,829	15,9
-0,831	15,9
-0,834	15,9
-0,837	15,9
-0,840	15,9
-0,842	15,9
-0,845	15,9
-0,848	15,9
-0,850	15,9
-0,853	15,9
-0,856	15,9
-0,858	15,9
-0,861	15,9
-0,864	15,9
-0,866	15,9
-0,869	15,9
-0,872	15,9
-0,874	15,9
-0,877	15,9
-0,880	15,9
-0,882	15,9
-0,885	15,9
-0,888	15,9
-0,890	15,9
-0,893	15,9
-0,896	15,9
-0,898	15,9
-0,901	15,9
-0,904	15,9
-0,906	15,9
-0,909	15,9
-0,912	15,9
-0,914	15,9
-0,917	15,9
-0,920	15,9
-0,922	15,9
-0,925	15,9
-0,928	15,9
-0,930	15,9
-0,933	15,9
-0,936	15,9
-0,938	15,9
-0,941	15,9
-0,944	15,9
-0,946	15,9
-0,949	15,9
-0,952	15,9
-0,954	15,9
-0,957	15,9
-0,960	15,9
-0,962	15,9
-0,965	15,9
-0,968	15,9
-0,970	15,9
-0,973	15,9
-0,976	15,9
-0,979	15,9
-0,981	15,9
-0,984	15,9
-0,987	15,9
-0,989	15,9
-0,992	15,9
-0,995	15,9
-0,997	15,9
-1,000	15,9
-1,003	15,9
-1,005	15,9
-1,008	15,9
-1,011	15,9
-1,013	15,9
-1,016	15,9
-1,019	15,9
-1,021	15,9
-1,024	15,9
-1,027	15,9
-1,029	15,9
-1,032	15,9
-1,035	15,9
-1,037	15,9
-1,040	15,9
-1,043	15,9
-1,045	15,9
-1,048	15,9
-1,051	15,9
-1,053	15,9
-1,056	15,9
-1,059	15,9
-1,061	15,9
-1,064	15,9
-1,067	15,9
-1,069	15,9
-1,072	15,9
-1,075	15,9
-1,077	15,9
-1,080	15,9
-1,083	15,9
-1,085	15,9
-1,088	15,9
-1,091	15,9
-1,093	15,9
-1,096	15,9
-1,099	15,9
-1,101	15,9
-1,104	15,9
-1,107	15,9
-1,109	15,9
-1,112	15,9
-1,115	15,9
-1,118	15,9
-1,120	15,9
-1,123	15,9
-1,126	16,0
-1,128	15,9
-1,131	15,9
-1,134	15,9
-1,136	15,9
-1,139	15,9
-1,142	15,9
-1,144	15,9
-1,147	15,9
-1,150	15,9
-1,152	15,9
-1,155	15,9
-1,158	15,9
-1,160	15,9
-1,163	15,9
-1,166	15,9
-1,168	15,9
-1,171	15,9
-1,174	15,9
-1,176	15,9
-1,179	15,9
-1,182	15,9
-1,184	15,9
-1,187	15,9
-1,190	15,9
-1,192	15,9
-1,195	15,9
-1,198	15,9
-1,200	15,9
-1,203	15,9
-1,206	15,9
-1,208	15,9
-1,211	15,9
-1,214	15,9
-1,216	15,9
-1,219	15,9
-1,222	15,9
-1,224	15,9
-1,227	15,9
-1,230	15,9
-1,232	15,8
-1,235	15,8
-1,238	15,8
-1,240	15,8
-1,243	15,8
-1,246	15,8
-1,248	15,8
-1,251	15,8
-1,254	15,8
-1,256	15,8
-1,259	15,8
-1,262	15,8
-1,265	15,8
-1,267	15,8
-1,270	15,8
-1,273	15,8
-1,275	15,8
-1,278	15,8
-1,281	15,8
-1,283	15,8
-1,286	15,8
-1,289	15,8
-1,291	15,9
-1,294	15,9
-1,297	15,8
-1,299	15,8
-1,302	15,9
-1,305	15,8
-1,307	15,8
-1,310	15,8
-1,313	15,9
-1,315	15,8
-1,318	15,8
-1,321	15,8
-1,323	15,9
-1,326	15,8
-1,329	15,8
-1,331	15,8
-1,334	15,8
-1,337	15,8
-1,339	15,8
-1,342	15,8
-1,345	15,8
-1,347	15,8
-1,350	15,8
-1,353	15,8
-1,355	15,8
-1,358	15,8
-1,361	15,8
-1,363	15,8
-1,366	15,8
-1,369	16,0
-1,371	15,9
-1,374	15,9
-1,377	15,9
-1,379	15,9
-1,382	15,9
-1,385	15,8
-1,387	15,8
-1,390	15,8
-1,393	15,8
-1,395	15,8
-1,398	15,8
-1,401	15,8
-1,403	15,9
-1,406	15,9
-1,409	15,9
-1,411	15,9
-1,414	15,9
-1,417	15,9
-1,419	15,9
-1,422	15,9
-1,425	15,9
-1,428	15,8
-1,430	15,8
-1,433	15,9
-1,436	15,9
-1,438	15,8
-1,441	15,8
-1,444	15,8
-1,446	15,8
-1,449	15,9
-1,452	15,8
-1,454	15,8
-1,457	15,8
-1,460	15,8
-1,462	15,8
-1,465	15,8
-1,468	15,8
-1,470	15,8
-1,473	15,8
-1,476	15,8
-1,478	15,8
-1,481	15,8
-1,484	15,8
-1,486	15,8
-1,489	15,8
-1,492	15,8
-1,494	15,8
-1,497	15,8
-1,500	15,8
-1,502	15,8
-1,505	15,8
-1,508	15,8
-1,510	15,8
-1,513	15,8
-1,516	15,8
-1,518	15,8
-1,521	15,8
-1,524	15,8
-1,526	15,8
-1,529	15,8
-1,532	15,8
-1,534	15,8
-1,537	15,8
-1,540	15,8
-1,542	15,8
-1,545	15,8
-1,548	15,8
-1,550	15,8
-1,553	15,8
-1,556	15,8
-1,558	15,8
-1,561	15,8
-1,564	15,8
-1,566	15,8
-1,569	15,8
-1,572	15,8
-1,574	15,8
-1,577	15,8
-1,580	15,8
-1,582	15,8
-1,585	15,8
-1,588	15,8
-1,591	15,8
-1,593	15,8
-1,596	15,8
-1,599	15,8
-1,601	15,8
-1,604	15,8
-1,607	15,8
-1,609	15,8
-1,612	15,8
-1,615	15,8
-1,617	15,8
-1,620	15,8
-1,623	15,8
-1,625	15,8
-1,628	15,8
-1,631	15,8
-1,633	15,8
-1,636	15,8
-1,639	15,8
-1,641	15,8
-1,644	15,8
-1,647	15,8
-1,649	15,8
-1,652	15,8
-1,655	15,8
-1,657	15,8
-1,660	15,8
-1,663	15,8
-1,665	15,8
-1,668	15,8
-1,671	15,8
-1,673	15,8
-1,676	15,8
-1,679	15,8
-1,681	15,8
-1,684	15,8
-1,687	15,8
-1,689	15,8
-1,692	15,8
-1,695	15,8
-1,697	15,8
-1,700	15,8
-1,703	15,8
-1,705	15,8
-1,708	15,8
-1,711	15,8
-1,713	15,8
-1,716	15,8
-1,719	15,8
-1,721	15,8
-1,724	15,8
-1,727	15,8
-1,729	15,8
-1,732	15,8
-1,735	15,8
-1,737	15,8
-1,740	15,8
-1,743	15,8
-1,745	15,8
-1,748	15,8
-1,751	15,8
-1,753	15,8
-1,756	15,8
-1,759	15,7
-1,761	15,7
-1,764	15,8
-1,767	15,8
-1,769	15,7
-1,772	15,7
-1,775	15,7
-1,778	15,8
-1,780	15,7
-1,783	15,7
-1,786	15,7
-1,788	15,7
-1,791	15,7
-1,794	15,7
-1,796	15,7
-1,799	15,7
-1,802	15,7
-1,804	15,7
-1,807	15,7
-1,810	15,7
-1,812	15,7
-1,815	15,7
-1,818	15,7
-1,820	15,7
-1,823	15,7
-1,826	15,7
-1,828	15,7
-1,831	15,7
-1,834	15,8
-1,836	15,7
-1,839	15,7
-1,842	15,8
-1,844	15,7
-1,847	15,7
-1,850	15,7
-1,852	15,7
-1,855	15,7
-1,858	15,7
-1,860	15,7
-1,863	15,7
-1,866	15,7
-1,868	15,7
-1,871	15,7
-1,874	15,7
-1,876	15,7
-1,879	15,7
-1,882	15,7
-1,884	15,7
-1,887	15,8
-1,890	15,8
-1,892	15,8
-1,895	15,8
-1,898	15,8
-1,900	15,8
-1,903	15,8
-1,906	15,8
-1,908	15,8
-1,911	15,8
-1,914	15,7
-1,916	15,7
-1,919	15,7
-1,922	15,7
-1,924	15,7
-1,927	15,7
-1,930	15,7
-1,932	15,7
-1,935	15,7
-1,938	15,7
-1,940	15,7
-1,943	15,7
-1,946	15,7
-1,948	15,7
-1,951	15,7
-1,954	15,7
-1,956	15,7
-1,959	15,7
-1,962	15,7
-1,964	15,7
-1,967	15,7
-1,970	15,7
-1,972	15,7
-1,975	15,7
-1,978	15,7
-1,980	15,7
-1,983	15,7
-1,986	15,7
-1,989	15,7
-1,991	15,7
-1,994	15,7
-1,997	15,7
-1,999	15,7
-2,002	15,7
-2,005	15,7
-2,007	15,7
-2,010	15,7
-2,013	15,7
-2,015	15,7
-2,018	15,7
-2,021	15,7
-2,023	15,7
-2,026	15,7
-2,029	15,7
-2,031	15,7
-2,034	15,7
-2,037	15,7
-2,039	15,7
-2,042	15,7
-2,045	15,7
-2,047	15,7
-2,050	15,7
-2,053	15,7
-2,055	15,7
-2,058	15,7
-2,061	15,7
-2,063	15,7
-2,066	15,7
-2,069	15,7
-2,071	15,7
-2,074	15,7
-2,077	15,7
-2,079	15,7
-2,082	15,7
-2,085	15,7
-2,087	15,7
-2,090	15,7
-2,093	15,7
-2,095	15,7
-2,098	15,7
-2,101	15,7
-2,103	15,7
-2,106	15,7
-2,109	15,7
-2,111	15,7
-2,114	15,7
-2,117	15,7
-2,119	15,8
-2,122	15,7
-2,125	15,7
-2,127	15,7
-2,130	15,7
-2,133	15,7
-2,135	15,8
-2,138	15,8
-2,141	15,7
-2,143	15,7
-2,146	15,8
-2,149	15,8
-2,151	15,8
-2,154	15,8
-2,157	15,8
-2,159	15,8
-2,162	15,8
-2,165	15,8
-2,167	15,8
-2,170	15,8
-2,173	15,8
-2,175	15,8
-2,178	15,8
-2,181	15,8
-2,183	15,8
-2,186	15,8
-2,189	15,8
-2,191	15,8
-2,194	15,8
-2,197	15,8
-2,199	15,8
-2,202	15,8
-2,205	15,8
-2,207	15,8
-2,210	15,8
-2,213	15,8
-2,215	15,8
-2,218	15,8
-2,221	15,8
-2,223	15,8
-2,226	15,8
-2,229	15,8
-2,231	15,8
-2,234	15,8
-2,237	15,8
-2,240	15,8
-2,242	15,8
-2,245	15,8
-2,248	15,8
-2,250	15,8
-2,253	15,8
-2,256	15,8
-2,258	15,8
-2,261	15,8
-2,264	15,8
-2,266	15,8
-2,269	15,8
-2,272	15,8
-2,274	15,8
-2,277	15,8
-2,280	15,8
-2,282	15,8
-2,285	15,8
-2,288	15,8
-2,290	15,8
-2,293	15,8
-2,296	15,8
-2,298	15,8
-2,301	15,8
-2,304	15,8
-2,306	15,8
-2,309	15,8
-2,312	15,8
-2,314	15,8
-2,317	15,8
-2,320	15,8
-2,322	15,8
-2,325	15,8
-2,328	15,8
-2,330	15,8
-2,333	15,8
-2,336	15,8
-2,338	15,8
-2,341	15,8
-2,344	15,8
-2,346	15,8
-2,349	15,8
-2,352	15,8
-2,354	15,8
-2,357	15,8
-2,360	15,8
-2,362	15,8
-2,365	15,8
-2,368	15,8
-2,370	15,8
-2,373	15,8
-2,376	15,8
-2,378	15,8
-2,381	15,8
-2,384	15,8
-2,386	15,8
-2,389	15,8
-2,392	15,8
-2,394	15,8
-2,397	15,8
-2,400	15,8
-2,402	15,8
-2,405	15,8
-2,408	15,8
-2,410	15,8
-2,413	15,8
-2,416	15,8
-2,418	15,8
-2,421	15,8
-2,424	15,8
-2,426	15,8
-2,429	15,9
-2,432	15,8
-2,434	15,8
-2,437	15,8
-2,440	15,8
-2,442	15,8
-2,445	15,8
-2,448	15,8
-2,450	15,8
-2,453	15,8
-2,456	15,8
-2,458	15,8
-2,461	15,8
-2,464	15,8
-2,466	15,8
-2,469	15,8
-2,472	15,8
-2,474	15,8
-2,477	15,8
-2,480	15,8
-2,482	15,8
-2,485	15,8
-2,488	15,8
-2,490	15,8
-2,493	15,8
-2,496	15,8
-2,498	15,8
-2,501	15,8
-2,504	15,8
-2,506	15,8
-2,509	15,8
-2,512	15,8
-2,514	15,8
-2,517	15,8
-2,520	15,8
-2,522	15,8
-2,525	15,8
-2,528	15,8
-2,530	15,8
-2,533	15,8
-2,536	15,8
-2,538	15,9
-2,541	15,9
-2,544	15,9
-2,546	15,9
-2,549	15,9
-2,552	15,9
-2,554	15,8
-2,557	15,8
-2,560	15,8
-2,562	15,8
-2,565	15,8
-2,568	15,8
-2,570	15,8
-2,573	15,8
-2,576	15,8
-2,578	15,8
-2,581	15,8
-2,584	15,8
-2,586	15,8
-2,589	15,8
-2,592	15,8
-2,594	15,8
-2,597	15,8
-2,600	15,8
-2,602	15,8
-2,605	15,8
-2,608	15,8
-2,610	15,8
-2,613	15,8
-2,616	15,8
-2,619	15,9
-2,621	15,9
-2,624	15,9
-2,627	15,9
-2,629	15,9
-2,632	15,9
-2,635	15,9
-2,637	15,9
-2,640	15,9
-2,643	15,9
-2,645	15,9
-2,648	15,9
-2,651	15,9
-2,653	15,9
-2,656	15,9
-2,659	15,9
-2,661	15,9
-2,664	15,9
-2,667	15,9
-2,669	15,9
-2,672	15,9
-2,675	15,9
-2,677	15,9
-2,680	15,9
-2,683	15,9
-2,685	15,9
-2,688	15,9
-2,691	15,9
-2,693	15,9
-2,696	15,9
-2,699	15,9
-2,701	15,9
-2,704	15,9
-2,707	15,9
-2,709	15,9
-2,712	15,9
-2,715	15,9
-2,717	15,9
-2,720	15,9
-2,723	15,9
-2,725	15,9
-2,728	15,9
-2,731	15,9
-2,733	15,9
