&a / °	I1 / %
2,736	14,2
2,733	14,2
2,731	14,1
2,728	14,1
2,725	14,1
2,723	14,1
2,720	14,1
2,717	14,1
2,715	14,1
2,712	14,1
2,709	14,1
2,707	14,1
2,704	14,1
2,701	14,1
2,699	14,1
2,696	14,1
2,693	14,1
2,691	14,1
2,688	14,1
2,685	14,1
2,683	14,1
2,680	14,1
2,677	14,1
2,675	14,1
2,672	14,1
2,669	14,1
2,667	14,1
2,664	14,0
2,661	14,0
2,659	14,0
2,656	14,1
2,653	14,0
2,651	14,0
2,648	14,0
2,645	14,0
2,643	14,0
2,640	14,0
2,637	14,0
2,635	14,0
2,632	14,0
2,629	14,0
2,627	14,0
2,624	14,0
2,621	14,0
2,619	14,0
2,616	14,0
2,613	14,0
2,610	14,0
2,608	14,0
2,605	14,0
2,602	14,0
2,600	14,0
2,597	14,0
2,594	14,0
2,592	14,0
2,589	14,0
2,586	14,0
2,584	14,0
2,581	14,0
2,578	14,0
2,576	14,0
2,573	14,0
2,570	14,0
2,568	14,0
2,565	14,0
2,562	14,0
2,560	14,0
2,557	14,0
2,554	14,0
2,552	14,0
2,549	14,0
2,546	14,0
2,544	14,0
2,541	14,0
2,538	14,0
2,536	14,0
2,533	14,0
2,530	14,0
2,528	14,0
2,525	14,0
2,522	14,0
2,520	14,0
2,517	14,0
2,514	14,0
2,512	14,0
2,509	14,0
2,506	14,0
2,504	14,0
2,501	14,0
2,498	14,0
2,496	14,0
2,493	14,0
2,490	14,0
2,488	14,0
2,485	14,0
2,482	14,0
2,480	14,0
2,477	14,0
2,474	14,0
2,472	14,0
2,469	14,0
2,466	14,0
2,464	14,0
2,461	14,0
2,458	14,0
2,456	14,0
2,453	14,0
2,450	14,0
2,448	14,0
2,445	14,0
2,442	14,0
2,440	14,0
2,437	14,0
2,434	14,0
2,432	14,0
2,429	14,0
2,426	14,0
2,424	14,0
2,421	14,0
2,418	14,0
2,416	14,0
2,413	14,0
2,410	14,0
2,408	14,0
2,405	14,0
2,402	14,0
2,400	14,0
2,397	14,0
2,394	14,0
2,392	14,0
2,389	14,0
2,386	14,0
2,384	14,0
2,381	14,0
2,378	14,0
2,376	14,0
2,373	14,0
2,370	14,0
2,368	14,0
2,365	14,0
2,362	14,0
2,360	14,0
2,357	14,0
2,354	14,0
2,352	14,0
2,349	14,0
2,346	14,0
2,344	14,0
2,341	14,0
2,338	14,0
2,336	14,0
2,333	14,0
2,330	14,0
2,328	14,0
2,325	14,0
2,322	14,0
2,320	14,0
2,317	14,0
2,314	14,0
2,312	14,0
2,309	14,0
2,306	14,0
2,304	14,0
2,301	14,0
2,298	14,0
2,296	14,1
2,293	14,1
2,290	14,1
2,288	14,1
2,285	14,1
2,282	14,1
2,280	14,1
2,277	14,1
2,274	14,1
2,272	14,1
2,269	14,1
2,266	14,1
2,264	14,1
2,261	14,1
2,258	14,1
2,256	14,1
2,253	14,1
2,250	14,1
2,248	14,1
2,245	14,1
2,242	14,1
2,240	14,1
2,237	14,1
2,234	14,1
2,231	14,1
2,229	14,1
2,226	14,1
2,223	14,1
2,221	14,1
2,218	14,1
2,215	14,1
2,213	14,1
2,210	14,1
2,207	14,2
2,205	14,1
2,202	14,1
2,199	14,1
2,197	14,1
2,194	14,1
2,191	14,1
2,189	14,2
2,186	14,1
2,183	14,1
2,181	14,2
2,178	14,2
2,175	14,2
2,173	14,1
2,170	14,1
2,167	14,1
2,165	14,1
2,162	14,1
2,159	14,1
2,157	14,1
2,154	14,1
2,151	14,1
2,149	14,1
2,146	14,2
2,143	14,2
2,141	14,2
2,138	14,2
2,135	14,2
2,133	14,2
2,130	14,2
2,127	14,2
2,125	14,2
2,122	14,2
2,119	14,2
2,117	14,2
2,114	14,2
2,111	14,2
2,109	14,2
2,106	14,2
2,103	14,2
2,101	14,2
2,098	14,2
2,095	14,2
2,093	14,2
2,090	14,2
2,087	14,2
2,085	14,2
2,082	14,2
2,079	14,2
2,077	14,2
2,074	14,2
2,071	14,2
2,069	14,2
2,066	14,2
2,063	14,2
2,061	14,2
2,058	14,2
2,055	14,2
2,053	14,2
2,050	14,2
2,047	14,2
2,045	14,2
2,042	14,2
2,039	14,2
2,037	14,2
2,034	14,2
2,031	14,2
2,029	14,2
2,026	14,2
2,023	14,2
2,021	14,2
2,018	14,2
2,015	14,2
2,013	14,2
2,010	14,2
2,007	14,2
2,005	14,2
2,002	14,2
1,999	14,2
1,997	14,2
1,994	14,2
1,991	14,2
1,989	14,2
1,986	14,2
1,983	14,2
1,980	14,2
1,978	14,2
1,975	14,2
1,972	14,2
1,970	14,2
1,967	14,2
1,964	14,2
1,962	14,2
1,959	14,2
1,956	14,2
1,954	14,2
1,951	14,3
1,948	14,2
1,946	14,2
1,943	14,3
1,940	14,3
1,938	14,2
1,935	14,2
1,932	14,2
1,930	14,3
1,927	14,3
1,924	14,3
1,922	14,3
1,919	14,3
1,916	14,3
1,914	14,3
1,911	14,3
1,908	14,3
1,906	14,3
1,903	14,3
1,900	14,3
1,898	14,3
1,895	14,3
1,892	14,3
1,890	14,3
1,887	14,3
1,884	14,3
1,882	14,3
1,879	14,3
1,876	14,3
1,874	14,3
1,871	14,3
1,868	14,3
1,866	14,3
1,863	14,3
1,860	14,3
1,858	14,3
1,855	14,3
1,852	14,3
1,850	14,3
1,847	14,3
1,844	14,3
1,842	14,3
1,839	14,3
1,836	14,3
1,834	14,3
1,831	14,3
1,828	14,3
1,826	14,3
1,823	14,3
1,820	14,3
1,818	14,3
1,815	14,3
1,812	14,3
1,810	14,3
1,807	14,3
1,804	14,3
1,802	14,3
1,799	14,3
1,796	14,3
1,794	14,2
1,791	14,3
1,788	14,3
1,786	14,3
1,783	14,3
1,780	14,3
1,778	14,3
1,775	14,3
1,772	14,3
1,769	14,3
1,767	14,3
1,764	14,3
1,761	14,3
1,759	14,3
1,756	14,3
1,753	14,3
1,751	14,3
1,748	14,3
1,745	14,3
1,743	14,3
1,740	14,3
1,737	14,3
1,735	14,3
1,732	14,3
1,729	14,3
1,727	14,3
1,724	14,3
1,721	14,3
1,719	14,3
1,716	14,3
1,713	14,3
1,711	14,3
1,708	14,3
1,705	14,3
1,703	14,3
1,700	14,3
1,697	14,3
1,695	14,3
1,692	14,3
1,689	14,3
1,687	14,3
1,684	14,4
1,681	14,4
1,679	14,4
1,676	14,4
1,673	14,4
1,671	14,4
1,668	14,4
1,665	14,4
1,663	14,4
1,660	14,4
1,657	14,4
1,655	14,4
1,652	14,4
1,649	14,4
1,647	14,4
1,644	14,4
1,641	14,4
1,639	14,4
1,636	14,4
1,633	14,4
1,631	14,4
1,628	14,4
1,625	14,4
1,623	14,4
1,620	14,4
1,617	14,4
1,615	14,4
1,612	14,4
1,609	14,4
1,607	14,4
1,604	14,4
1,601	14,4
1,599	14,4
1,596	14,4
1,593	14,4
1,591	14,4
1,588	14,4
1,585	14,4
1,582	14,4
1,580	14,4
1,577	14,4
1,574	14,4
1,572	14,4
1,569	14,4
1,566	14,4
1,564	14,4
1,561	14,4
1,558	14,4
1,556	14,4
1,553	14,4
1,550	14,4
1,548	14,4
1,545	14,4
1,542	14,4
1,540	14,4
1,537	14,4
1,534	14,4
1,532	14,4
1,529	14,4
1,526	14,4
1,524	14,4
1,521	14,4
1,518	14,5
1,516	14,5
1,513	14,5
1,510	14,5
1,508	14,5
1,505	14,5
1,502	14,5
1,500	14,5
1,497	14,5
1,494	14,5
1,492	14,5
1,489	14,5
1,486	14,5
1,484	14,5
1,481	14,5
1,478	14,5
1,476	14,5
1,473	14,5
1,470	14,5
1,468	14,5
1,465	14,5
1,462	14,5
1,460	14,5
1,457	14,6
1,454	14,6
1,452	14,6
1,449	14,6
1,446	14,6
1,444	14,6
1,441	14,6
1,438	14,6
1,436	14,6
1,433	14,6
1,430	14,6
1,428	14,6
1,425	14,6
1,422	14,6
1,419	14,6
1,417	14,6
1,414	14,6
1,411	14,5
1,409	14,5
1,406	14,5
1,403	14,6
1,401	14,5
1,398	14,5
1,395	14,5
1,393	14,6
1,390	14,6
1,387	14,6
1,385	14,6
1,382	14,6
1,379	14,6
1,377	14,6
1,374	14,6
1,371	14,6
1,369	14,6
1,366	14,6
1,363	14,6
1,361	14,6
1,358	14,6
1,355	14,6
1,353	14,6
1,350	14,6
1,347	14,6
1,345	14,6
1,342	14,6
1,339	14,6
1,337	14,6
1,334	14,6
1,331	14,6
1,329	14,6
1,326	14,6
1,323	14,6
1,321	14,6
1,318	14,6
1,315	14,6
1,313	14,6
1,310	14,6
1,307	14,6
1,305	14,6
1,302	14,6
1,299	14,6
1,297	14,6
1,294	14,6
1,291	14,6
1,289	14,6
1,286	14,6
1,283	14,6
1,281	14,6
1,278	14,6
1,275	14,6
1,273	14,6
1,270	14,6
1,267	14,6
1,265	14,6
1,262	14,6
1,259	14,7
1,256	14,6
1,254	14,7
1,251	14,7
1,248	14,7
1,246	14,6
1,243	14,7
1,240	14,7
1,238	14,7
1,235	14,7
1,232	14,7
1,230	14,6
1,227	14,6
1,224	14,6
1,222	14,7
1,219	14,7
1,216	14,6
1,214	14,7
1,211	14,7
1,208	14,7
1,206	14,7
1,203	14,7
1,200	14,7
1,198	14,6
1,195	14,7
1,192	14,7
1,190	14,6
1,187	14,6
1,184	14,7
1,182	14,7
1,179	14,7
1,176	14,7
1,174	14,7
1,171	14,7
1,168	14,7
1,166	14,7
1,163	14,7
1,160	14,7
1,158	14,7
1,155	14,7
1,152	14,7
1,150	14,7
1,147	14,7
1,144	14,7
1,142	14,7
1,139	14,7
1,136	14,7
1,134	14,7
1,131	14,7
1,128	14,7
1,126	14,7
1,123	14,7
1,120	14,7
1,118	14,7
1,115	14,7
1,112	14,7
1,109	14,7
1,107	14,7
1,104	14,7
1,101	14,7
1,099	14,7
1,096	14,7
1,093	14,7
1,091	14,7
1,088	14,7
1,085	14,7
1,083	14,7
1,080	14,7
1,077	14,7
1,075	14,7
1,072	14,7
1,069	14,7
1,067	14,7
1,064	14,7
1,061	14,7
1,059	14,7
1,056	14,7
1,053	14,7
1,051	14,7
1,048	14,7
1,045	14,7
1,043	14,7
1,040	14,7
1,037	14,7
1,035	14,7
1,032	14,7
1,029	14,7
1,027	14,7
1,024	14,7
1,021	14,7
1,019	14,7
1,016	14,7
1,013	14,7
1,011	14,7
1,008	14,7
1,005	14,7
1,003	14,7
1,000	14,7
0,997	14,7
0,995	14,8
0,992	14,7
0,989	14,7
0,987	14,8
0,984	14,7
0,981	14,7
0,979	14,7
0,976	14,7
0,973	14,7
0,970	14,7
0,968	14,7
0,965	14,7
0,962	14,7
0,960	14,7
0,957	14,7
0,954	14,7
0,952	14,7
0,949	14,7
0,946	14,7
0,944	14,7
0,941	14,7
0,938	14,8
0,936	14,8
0,933	14,8
0,930	14,8
0,928	14,8
0,925	14,8
0,922	14,8
0,920	14,8
0,917	14,8
0,914	14,8
0,912	14,8
0,909	14,8
0,906	14,8
0,904	14,8
0,901	14,8
0,898	14,8
0,896	14,8
0,893	14,8
0,890	14,8
0,888	14,8
0,885	14,8
0,882	14,8
0,880	14,8
0,877	14,8
0,874	14,8
0,872	14,8
0,869	14,8
0,866	14,8
0,864	14,9
0,861	14,9
0,858	14,9
0,856	14,9
0,853	14,9
0,850	14,9
0,848	14,9
0,845	14,9
0,842	14,9
0,840	14,9
0,837	14,9
0,834	14,9
0,831	14,9
0,829	14,9
0,826	14,9
0,823	14,9
0,821	14,9
0,818	14,9
0,815	14,9
0,813	14,9
0,810	14,9
0,807	14,9
0,805	14,9
0,802	14,9
0,799	14,9
0,797	15,0
0,794	15,0
0,791	15,0
0,789	15,0
0,786	15,0
0,783	15,0
0,781	15,0
0,778	15,0
0,775	15,0
0,773	15,0
0,770	15,0
0,767	15,0
0,765	15,0
0,762	15,0
0,759	15,0
0,757	15,0
0,754	14,9
0,751	14,9
0,749	15,0
0,746	15,0
0,743	15,0
0,741	15,0
0,738	15,0
0,735	15,0
0,733	15,0
0,730	15,0
0,727	15,0
0,725	15,0
0,722	15,0
0,719	15,0
0,717	15,0
0,714	15,0
0,711	15,0
0,709	15,0
0,706	15,0
0,703	15,0
0,701	15,0
0,698	15,0
0,695	15,0
0,692	15,0
0,690	15,0
0,687	15,0
0,684	15,0
0,682	15,0
0,679	15,0
0,676	15,0
0,674	15,0
0,671	15,0
0,668	15,0
0,666	15,0
0,663	15,0
0,660	15,0
0,658	15,0
0,655	15,0
0,652	15,0
0,650	15,0
0,647	15,0
0,644	15,0
0,642	15,0
0,639	15,0
0,636	15,0
0,634	15,0
0,631	15,0
0,628	15,0
0,626	15,0
0,623	15,0
0,620	15,0
0,618	15,0
0,615	15,0
0,612	15,0
0,610	15,0
0,607	15,0
0,604	15,1
0,602	15,0
0,599	15,0
0,596	15,1
0,594	15,1
0,591	15,1
0,588	15,1
0,586	15,1
0,583	15,1
0,580	15,1
0,578	15,1
0,575	15,1
0,572	15,1
0,570	15,1
0,567	15,1
0,564	15,1
0,561	15,1
0,559	15,1
0,556	15,1
0,553	15,1
0,551	15,1
0,548	15,1
0,545	15,1
0,543	15,1
0,540	15,1
0,537	15,1
0,535	15,1
0,532	15,1
0,529	15,1
0,527	15,1
0,524	15,1
0,521	15,1
0,519	15,1
0,516	15,1
0,513	15,1
0,511	15,1
0,508	15,1
0,505	15,1
0,503	15,1
0,500	15,1
0,497	15,1
0,495	15,1
0,492	15,1
0,489	15,1
0,487	15,1
0,484	15,1
0,481	15,1
0,479	15,1
0,476	15,1
0,473	15,1
0,471	15,1
0,468	15,1
0,465	15,1
0,463	15,1
0,460	15,1
0,457	15,1
0,455	15,1
0,452	15,1
0,449	15,1
0,447	15,1
0,444	15,1
0,441	15,1
0,438	15,1
0,436	15,1
0,433	15,1
0,430	15,1
0,428	15,1
0,425	15,2
0,422	15,1
0,420	15,1
0,417	15,1
0,414	15,2
0,412	15,1
0,409	15,2
0,406	15,2
0,404	15,2
0,401	15,2
0,398	15,2
0,396	15,2
0,393	15,2
0,390	15,2
0,388	15,2
0,385	15,2
0,382	15,2
0,380	15,2
0,377	15,2
0,374	15,2
0,372	15,2
0,369	15,2
0,366	15,2
0,364	15,2
0,361	15,2
0,358	15,2
0,356	15,2
0,353	15,2
0,350	15,2
0,348	15,2
0,345	15,2
0,342	15,2
0,340	15,2
0,337	15,2
0,334	15,2
0,332	15,2
0,329	15,3
0,326	15,2
0,324	15,2
0,321	15,2
0,318	15,2
0,316	15,2
0,313	15,2
0,310	15,3
0,307	15,3
0,305	15,2
0,302	15,2
0,299	15,3
0,297	15,2
0,294	15,3
0,291	15,3
0,289	15,3
0,286	15,3
0,283	15,3
0,281	15,3
0,278	15,3
0,275	15,3
0,273	15,3
0,270	15,3
0,267	15,3
0,265	15,3
0,262	15,3
0,259	15,3
0,257	15,3
0,254	15,3
0,251	15,3
0,249	15,3
0,246	15,3
0,243	15,3
0,241	15,3
0,238	15,3
0,235	15,3
0,233	15,3
0,230	15,3
0,227	15,3
0,225	15,3
0,222	15,3
0,219	15,3
0,217	15,3
0,214	15,3
0,211	15,3
0,209	15,3
0,206	15,3
0,203	15,3
0,201	15,3
0,198	15,3
0,195	15,3
0,193	15,3
0,190	15,3
0,187	15,3
0,184	15,4
0,182	15,3
0,179	15,3
0,176	15,3
0,174	15,3
0,171	15,3
0,168	15,3
0,166	15,3
0,163	15,3
0,160	15,3
0,158	15,3
0,155	15,3
0,152	15,3
0,150	15,3
0,147	15,3
0,144	15,3
0,142	15,3
0,139	15,3
0,136	15,3
0,134	15,3
0,131	15,3
0,128	15,3
0,126	15,3
0,123	15,3
0,120	15,3
0,118	15,3
0,115	15,3
0,112	15,3
0,110	15,3
0,107	15,3
0,104	15,3
0,102	15,4
0,099	15,3
0,096	15,3
0,094	15,4
0,091	15,4
0,088	15,4
0,086	15,4
0,083	15,4
0,080	15,4
0,078	15,4
0,075	15,4
0,072	15,4
0,070	15,4
0,067	15,4
0,064	15,4
0,061	15,4
0,059	15,4
0,056	15,4
0,053	15,4
0,051	15,4
0,048	15,4
0,045	15,4
0,043	15,4
0,040	15,4
0,037	15,4
0,035	15,4
0,032	15,4
0,029	15,4
0,027	15,4
0,024	15,4
0,021	15,4
0,019	15,4
0,016	15,4
0,013	15,4
0,011	15,4
0,008	15,4
0,005	15,4
0,003	15,4
0,000	15,4
-0,003	15,3
-0,005	15,3
-0,008	15,3
-0,011	15,3
-0,013	15,3
-0,016	15,3
-0,019	15,3
-0,021	15,3
-0,024	15,3
-0,027	15,3
-0,029	15,3
-0,032	15,3
-0,035	15,3
-0,037	15,4
-0,040	15,4
-0,043	15,4
-0,045	15,4
-0,048	15,4
-0,051	15,4
-0,053	15,3
-0,056	15,4
-0,059	15,3
-0,061	15,3
-0,064	15,3
-0,067	15,3
-0,070	15,3
-0,072	15,3
-0,075	15,3
-0,078	15,3
-0,080	15,3
-0,083	15,3
-0,086	15,3
-0,088	15,3
-0,091	15,3
-0,094	15,3
-0,096	15,3
-0,099	15,3
-0,102	15,3
-0,104	15,3
-0,107	15,3
-0,110	15,3
-0,112	15,3
-0,115	15,3
-0,118	15,3
-0,120	15,3
-0,123	15,3
-0,126	15,3
-0,128	15,3
-0,131	15,3
-0,134	15,4
-0,136	15,4
-0,139	15,4
-0,142	15,4
-0,144	15,4
-0,147	15,4
-0,150	15,4
-0,152	15,4
-0,155	15,4
-0,158	15,4
-0,160	15,4
-0,163	15,4
-0,166	15,4
-0,168	15,4
-0,171	15,4
-0,174	15,4
-0,176	15,4
-0,179	15,4
-0,182	15,4
-0,184	15,4
-0,187	15,4
-0,190	15,4
-0,193	15,4
-0,195	15,4
-0,198	15,4
-0,201	15,4
-0,203	15,4
-0,206	15,4
-0,209	15,4
-0,211	15,4
-0,214	15,4
-0,217	15,4
-0,219	15,4
-0,222	15,4
-0,225	15,4
-0,227	15,4
-0,230	15,4
-0,233	15,4
-0,235	15,4
-0,238	15,4
-0,241	15,4
-0,243	15,4
-0,246	15,4
-0,249	15,4
-0,251	15,4
-0,254	15,4
-0,257	15,4
-0,259	15,4
-0,262	15,4
-0,265	15,4
-0,267	15,4
-0,270	15,4
-0,273	15,4
-0,275	15,4
-0,278	15,4
-0,281	15,4
-0,283	15,4
-0,286	15,4
-0,289	15,4
-0,291	15,4
-0,294	15,4
-0,297	15,4
-0,299	15,4
-0,302	15,4
-0,305	15,4
-0,307	15,4
-0,310	15,4
-0,313	15,4
-0,316	15,4
-0,318	15,4
-0,321	15,4
-0,324	15,4
-0,326	15,4
-0,329	15,4
-0,332	15,4
-0,334	15,4
-0,337	15,4
-0,340	15,4
-0,342	15,4
-0,345	15,4
-0,348	15,4
-0,350	15,4
-0,353	15,4
-0,356	15,4
-0,358	15,4
-0,361	15,4
-0,364	15,4
-0,366	15,4
-0,369	15,4
-0,372	15,4
-0,374	15,4
-0,377	15,4
-0,380	15,4
-0,382	15,4
-0,385	15,4
-0,388	15,4
-0,390	15,4
-0,393	15,4
-0,396	15,4
-0,398	15,4
-0,401	15,4
-0,404	15,4
-0,406	15,4
-0,409	15,4
-0,412	15,4
-0,414	15,4
-0,417	15,4
-0,420	15,4
-0,422	15,4
-0,425	15,4
-0,428	15,4
-0,430	15,4
-0,433	15,4
-0,436	15,4
-0,438	15,4
-0,441	15,4
-0,444	15,4
-0,447	15,4
-0,449	15,4
-0,452	15,4
-0,455	15,4
-0,457	15,4
-0,460	15,4
-0,463	15,4
-0,465	15,4
-0,468	15,4
-0,471	15,4
-0,473	15,4
-0,476	15,4
-0,479	15,4
-0,481	15,4
-0,484	15,4
-0,487	15,4
-0,489	15,4
-0,492	15,4
-0,495	15,4
-0,497	15,4
-0,500	15,4
-0,503	15,4
-0,505	15,4
-0,508	15,5
-0,511	15,5
-0,513	15,5
-0,516	15,5
-0,519	15,4
-0,521	15,4
-0,524	15,4
-0,527	15,4
-0,529	15,4
-0,532	15,5
-0,535	15,4
-0,537	15,4
-0,540	15,4
-0,543	15,5
-0,545	15,4
-0,548	15,4
-0,551	15,5
-0,553	15,5
-0,556	15,5
-0,559	15,5
-0,561	15,4
-0,564	15,4
-0,567	15,4
-0,570	15,4
-0,572	15,4
-0,575	15,4
-0,578	15,4
-0,580	15,5
-0,583	15,4
-0,586	15,4
-0,588	15,5
-0,591	15,5
-0,594	15,5
-0,596	15,5
-0,599	15,5
-0,602	15,5
-0,604	15,4
-0,607	15,4
-0,610	15,4
-0,612	15,5
-0,615	15,4
-0,618	15,5
-0,620	15,5
-0,623	15,5
-0,626	15,5
-0,628	15,5
-0,631	15,4
-0,634	15,5
-0,636	15,4
-0,639	15,4
-0,642	15,4
-0,644	15,4
-0,647	15,5
-0,650	15,5
-0,652	15,4
-0,655	15,4
-0,658	15,4
-0,660	15,4
-0,663	15,4
-0,666	15,5
-0,668	15,4
-0,671	15,4
-0,674	15,5
-0,676	15,5
-0,679	15,4
-0,682	15,4
-0,684	15,4
-0,687	15,5
-0,690	15,5
-0,692	15,5
-0,695	15,5
-0,698	15,5
-0,701	15,5
-0,703	15,5
-0,706	15,5
-0,709	15,5
-0,711	15,5
-0,714	15,5
-0,717	15,6
-0,719	16,0
-0,722	16,5
-0,725	17,2
-0,727	17,6
-0,730	17,9
-0,733	18,1
-0,735	18,9
-0,738	20,7
-0,741	24,1
-0,743	28,2
-0,746	30,3
-0,749	29,4
-0,751	26,8
-0,754	23,7
-0,757	20,9
-0,759	19,0
-0,762	17,8
-0,765	16,9
-0,767	16,5
-0,770	16,1
-0,773	15,9
-0,775	15,8
-0,778	15,8
-0,781	15,8
-0,783	15,7
-0,786	15,7
-0,789	15,7
-0,791	15,6
-0,794	15,6
-0,797	15,6
-0,799	15,5
-0,802	15,5
-0,805	15,5
-0,807	15,5
-0,810	15,5
-0,813	15,5
-0,815	15,5
-0,818	15,5
-0,821	15,5
-0,823	15,4
-0,826	15,4
-0,829	15,5
-0,831	15,4
-0,834	15,5
-0,837	15,5
-0,840	15,5
-0,842	15,5
-0,845	15,5
-0,848	15,5
-0,850	15,4
-0,853	15,4
-0,856	15,4
-0,858	15,4
-0,861	15,4
-0,864	15,4
-0,866	15,4
-0,869	15,4
-0,872	15,4
-0,874	15,4
-0,877	15,4
-0,880	15,4
-0,882	15,4
-0,885	15,4
-0,888	15,4
-0,890	15,4
-0,893	15,4
-0,896	15,4
-0,898	15,4
-0,901	15,4
-0,904	15,4
-0,906	15,4
-0,909	15,5
-0,912	15,5
-0,914	15,4
-0,917	15,4
-0,920	15,5
-0,922	15,4
-0,925	15,5
-0,928	15,4
-0,930	15,4
-0,933	15,5
-0,936	15,4
-0,938	15,4
-0,941	15,4
-0,944	15,4
-0,946	15,4
-0,949	15,4
-0,952	15,4
-0,954	15,4
-0,957	15,4
-0,960	15,4
-0,962	15,4
-0,965	15,4
-0,968	15,4
-0,970	15,4
-0,973	15,4
-0,976	15,4
-0,979	15,4
-0,981	15,4
-0,984	15,4
-0,987	15,4
-0,989	15,4
-0,992	15,4
-0,995	15,4
-0,997	15,4
-1,000	15,4
-1,003	15,4
-1,005	15,4
-1,008	15,4
-1,011	15,4
-1,013	15,4
-1,016	15,4
-1,019	15,4
-1,021	15,4
-1,024	15,4
-1,027	15,4
-1,029	15,4
-1,032	15,4
-1,035	15,4
-1,037	15,4
-1,040	15,4
-1,043	15,4
-1,045	15,4
-1,048	15,4
-1,051	15,4
-1,053	15,4
-1,056	15,4
-1,059	15,4
-1,061	15,4
-1,064	15,4
-1,067	15,4
-1,069	15,4
-1,072	15,4
-1,075	15,4
-1,077	15,4
-1,080	15,4
-1,083	15,4
-1,085	15,4
-1,088	15,4
-1,091	15,4
-1,093	15,4
-1,096	15,4
-1,099	15,4
-1,101	15,4
-1,104	15,4
-1,107	15,4
-1,109	15,4
-1,112	15,4
-1,115	15,4
-1,118	15,4
-1,120	15,5
-1,123	15,4
-1,126	15,4
-1,128	15,4
-1,131	15,4
-1,134	15,4
-1,136	15,4
-1,139	15,4
-1,142	15,4
-1,144	15,4
-1,147	15,4
-1,150	15,4
-1,152	15,4
-1,155	15,4
-1,158	15,4
-1,160	15,4
-1,163	15,4
-1,166	15,4
-1,168	15,4
-1,171	15,4
-1,174	15,4
-1,176	15,4
-1,179	15,4
-1,182	15,4
-1,184	15,4
-1,187	15,4
-1,190	15,4
-1,192	15,4
-1,195	15,4
-1,198	15,4
-1,200	15,4
-1,203	15,4
-1,206	15,4
-1,208	15,4
-1,211	15,4
-1,214	15,4
-1,216	15,4
-1,219	15,4
-1,222	15,4
-1,224	15,4
-1,227	15,4
-1,230	15,4
-1,232	15,4
-1,235	15,4
-1,238	15,4
-1,240	15,4
-1,243	15,4
-1,246	15,4
-1,248	15,4
-1,251	15,4
-1,254	15,4
-1,256	15,4
-1,259	15,4
-1,262	15,4
-1,265	15,4
-1,267	15,4
-1,270	15,4
-1,273	15,4
-1,275	15,4
-1,278	15,4
-1,281	15,4
-1,283	15,4
-1,286	15,4
-1,289	15,4
-1,291	15,4
-1,294	15,4
-1,297	15,4
-1,299	15,4
-1,302	15,4
-1,305	15,4
-1,307	15,4
-1,310	15,4
-1,313	15,4
-1,315	15,4
-1,318	15,4
-1,321	15,4
-1,323	15,4
-1,326	15,4
-1,329	15,4
-1,331	15,4
-1,334	15,4
-1,337	15,4
-1,339	15,4
-1,342	15,4
-1,345	15,4
-1,347	15,4
-1,350	15,4
-1,353	15,4
-1,355	15,4
-1,358	15,4
-1,361	15,4
-1,363	15,4
-1,366	15,4
-1,369	15,5
-1,371	15,4
-1,374	15,4
-1,377	15,4
-1,379	15,4
-1,382	15,4
-1,385	15,4
-1,387	15,4
-1,390	15,4
-1,393	15,4
-1,395	15,4
-1,398	15,4
-1,401	15,4
-1,403	15,5
-1,406	15,4
-1,409	15,4
-1,411	15,4
-1,414	15,5
-1,417	15,4
-1,419	15,4
-1,422	15,4
-1,425	15,4
-1,428	15,4
-1,430	15,4
-1,433	15,4
-1,436	15,4
-1,438	15,4
-1,441	15,4
-1,444	15,4
-1,446	15,4
-1,449	15,4
-1,452	15,4
-1,454	15,4
-1,457	15,4
-1,460	15,4
-1,462	15,4
-1,465	15,4
-1,468	15,4
-1,470	15,4
-1,473	15,4
-1,476	15,4
-1,478	15,4
-1,481	15,4
-1,484	15,4
-1,486	15,4
-1,489	15,4
-1,492	15,4
-1,494	15,4
-1,497	15,4
-1,500	15,4
-1,502	15,4
-1,505	15,4
-1,508	15,4
-1,510	15,4
-1,513	15,4
-1,516	15,4
-1,518	15,4
-1,521	15,4
-1,524	15,4
-1,526	15,4
-1,529	15,4
-1,532	15,4
-1,534	15,4
-1,537	15,4
-1,540	15,4
-1,542	15,4
-1,545	15,4
-1,548	15,4
-1,550	15,4
-1,553	15,4
-1,556	15,4
-1,558	15,4
-1,561	15,4
-1,564	15,4
-1,566	15,4
-1,569	15,4
-1,572	15,4
-1,574	15,4
-1,577	15,4
-1,580	15,4
-1,582	15,4
-1,585	15,4
-1,588	15,4
-1,591	15,4
-1,593	15,4
-1,596	15,4
-1,599	15,4
-1,601	15,4
-1,604	15,4
-1,607	15,4
-1,609	15,4
-1,612	15,4
-1,615	15,4
-1,617	15,4
-1,620	15,4
-1,623	15,4
-1,625	15,4
-1,628	15,4
-1,631	15,4
-1,633	15,4
-1,636	15,4
-1,639	15,4
-1,641	15,4
-1,644	15,4
-1,647	15,4
-1,649	15,4
-1,652	15,4
-1,655	15,4
-1,657	15,4
-1,660	15,4
-1,663	15,4
-1,665	15,4
-1,668	15,4
-1,671	15,4
-1,673	15,4
-1,676	15,4
-1,679	15,4
-1,681	15,4
-1,684	15,4
-1,687	15,4
-1,689	15,4
-1,692	15,4
-1,695	15,4
-1,697	15,4
-1,700	15,4
-1,703	15,4
-1,705	15,4
-1,708	15,4
-1,711	15,4
-1,713	15,4
-1,716	15,4
-1,719	15,4
-1,721	15,4
-1,724	15,4
-1,727	15,4
-1,729	15,4
-1,732	15,4
-1,735	15,4
-1,737	15,4
-1,740	15,4
-1,743	15,4
-1,745	15,4
-1,748	15,4
-1,751	15,4
-1,753	15,4
-1,756	15,4
-1,759	15,4
-1,761	15,4
-1,764	15,4
-1,767	15,4
-1,769	15,4
-1,772	15,4
-1,775	15,4
-1,778	15,4
-1,780	15,4
-1,783	15,4
-1,786	15,4
-1,788	15,4
-1,791	15,4
-1,794	15,4
-1,796	15,4
-1,799	15,4
-1,802	15,4
-1,804	15,4
-1,807	15,4
-1,810	15,4
-1,812	15,4
-1,815	15,4
-1,818	15,4
-1,820	15,4
-1,823	15,4
-1,826	15,4
-1,828	15,4
-1,831	15,4
-1,834	15,4
-1,836	15,4
-1,839	15,4
-1,842	15,4
-1,844	15,4
-1,847	15,4
-1,850	15,4
-1,852	15,4
-1,855	15,4
-1,858	15,4
-1,860	15,4
-1,863	15,4
-1,866	15,4
-1,868	15,4
-1,871	15,4
-1,874	15,4
-1,876	15,4
-1,879	15,4
-1,882	15,4
-1,884	15,4
-1,887	15,4
-1,890	15,4
-1,892	15,4
-1,895	15,4
-1,898	15,4
-1,900	15,4
-1,903	15,4
-1,906	15,4
-1,908	15,4
-1,911	15,4
-1,914	15,4
-1,916	15,4
-1,919	15,4
-1,922	15,4
-1,924	15,4
-1,927	15,4
-1,930	15,4
-1,932	15,4
-1,935	15,4
-1,938	15,4
-1,940	15,4
-1,943	15,4
-1,946	15,4
-1,948	15,4
-1,951	15,4
-1,954	15,4
-1,956	15,4
-1,959	15,4
-1,962	15,4
-1,964	15,4
-1,967	15,4
-1,970	15,4
-1,972	15,4
-1,975	15,4
-1,978	15,4
-1,980	15,4
-1,983	15,4
-1,986	15,4
-1,989	15,4
-1,991	15,4
-1,994	15,4
-1,997	15,4
-1,999	15,4
-2,002	15,4
-2,005	15,3
-2,007	15,3
-2,010	15,4
-2,013	15,4
-2,015	15,4
-2,018	15,4
-2,021	15,4
-2,023	15,4
-2,026	15,4
-2,029	15,4
-2,031	15,4
-2,034	15,4
-2,037	15,4
-2,039	15,4
-2,042	15,4
-2,045	15,4
-2,047	15,4
-2,050	15,4
-2,053	15,4
-2,055	15,4
-2,058	15,4
-2,061	15,4
-2,063	15,4
-2,066	15,4
-2,069	15,4
-2,071	15,4
-2,074	15,4
-2,077	15,4
-2,079	15,4
-2,082	15,4
-2,085	15,4
-2,087	15,4
-2,090	15,4
-2,093	15,4
-2,095	15,4
-2,098	15,4
-2,101	15,4
-2,103	15,4
-2,106	15,4
-2,109	15,4
-2,111	15,4
-2,114	15,4
-2,117	15,4
-2,119	15,4
-2,122	15,4
-2,125	15,4
-2,127	15,4
-2,130	15,4
-2,133	15,4
-2,135	15,4
-2,138	15,4
-2,141	15,4
-2,143	15,4
-2,146	15,4
-2,149	15,4
-2,151	15,4
-2,154	15,4
-2,157	15,4
-2,159	15,4
-2,162	15,4
-2,165	15,4
-2,167	15,4
-2,170	15,4
-2,173	15,4
-2,175	15,4
-2,178	15,4
-2,181	15,4
-2,183	15,4
-2,186	15,4
-2,189	15,4
-2,191	15,4
-2,194	15,4
-2,197	15,4
-2,199	15,4
-2,202	15,4
-2,205	15,4
-2,207	15,4
-2,210	15,4
-2,213	15,4
-2,215	15,4
-2,218	15,4
-2,221	15,4
-2,223	15,4
-2,226	15,4
-2,229	15,4
-2,231	15,4
-2,234	15,4
-2,237	15,4
-2,240	15,4
-2,242	15,4
-2,245	15,4
-2,248	15,4
-2,250	15,4
-2,253	15,4
-2,256	15,4
-2,258	15,4
-2,261	15,4
-2,264	15,4
-2,266	15,4
-2,269	15,4
-2,272	15,4
-2,274	15,4
-2,277	15,4
-2,280	15,4
-2,282	15,4
-2,285	15,4
-2,288	15,4
-2,290	15,4
-2,293	15,4
-2,296	15,4
-2,298	15,4
-2,301	15,4
-2,304	15,4
-2,306	15,4
-2,309	15,4
-2,312	15,4
-2,314	15,4
-2,317	15,4
-2,320	15,4
-2,322	15,4
-2,325	15,4
-2,328	15,4
-2,330	15,4
-2,333	15,5
-2,336	15,5
-2,338	15,5
-2,341	15,5
-2,344	15,4
-2,346	15,4
-2,349	15,4
-2,352	15,4
-2,354	15,4
-2,357	15,4
-2,360	15,4
-2,362	15,4
-2,365	15,4
-2,368	15,4
-2,370	15,4
-2,373	15,4
-2,376	15,4
-2,378	15,4
-2,381	15,4
-2,384	15,4
-2,386	15,4
-2,389	15,4
-2,392	15,4
-2,394	15,4
-2,397	15,4
-2,400	15,4
-2,402	15,4
-2,405	15,4
-2,408	15,4
-2,410	15,4
-2,413	15,4
-2,416	15,4
-2,418	15,4
-2,421	15,4
-2,424	15,4
-2,426	15,4
-2,429	15,5
-2,432	15,4
-2,434	15,4
-2,437	15,4
-2,440	15,4
-2,442	15,4
-2,445	15,4
-2,448	15,4
-2,450	15,4
-2,453	15,4
-2,456	15,4
-2,458	15,4
-2,461	15,4
-2,464	15,4
-2,466	15,4
-2,469	15,4
-2,472	15,4
-2,474	15,4
-2,477	15,4
-2,480	15,4
-2,482	15,4
-2,485	15,4
-2,488	15,4
-2,490	15,4
-2,493	15,4
-2,496	15,4
-2,498	15,4
-2,501	15,4
-2,504	15,4
-2,506	15,4
-2,509	15,4
-2,512	15,4
-2,514	15,4
-2,517	15,4
-2,520	15,4
-2,522	15,4
-2,525	15,4
-2,528	15,4
-2,530	15,4
-2,533	15,4
-2,536	15,4
-2,538	15,4
-2,541	15,4
-2,544	15,4
-2,546	15,4
-2,549	15,4
-2,552	15,4
-2,554	15,4
-2,557	15,4
-2,560	15,4
-2,562	15,4
-2,565	15,4
-2,568	15,4
-2,570	15,4
-2,573	15,4
-2,576	15,4
-2,578	15,4
-2,581	15,4
-2,584	15,4
-2,586	15,4
-2,589	15,4
-2,592	15,4
-2,594	15,4
-2,597	15,4
-2,600	15,4
-2,602	15,4
-2,605	15,4
-2,608	15,4
-2,610	15,4
-2,613	15,4
-2,616	15,4
-2,619	15,4
-2,621	15,4
-2,624	15,4
-2,627	15,4
-2,629	15,4
-2,632	15,4
-2,635	15,4
-2,637	15,4
-2,640	15,4
-2,643	15,4
-2,645	15,4
-2,648	15,4
-2,651	15,4
-2,653	15,4
-2,656	15,4
-2,659	15,4
-2,661	15,4
-2,664	15,4
-2,667	15,4
-2,669	15,4
-2,672	15,4
-2,675	15,4
-2,677	15,4
-2,680	15,4
-2,683	15,4
-2,685	15,4
-2,688	15,4
-2,691	15,4
-2,693	15,4
-2,696	15,4
-2,699	15,4
-2,701	15,4
-2,704	15,4
-2,707	15,4
-2,709	15,4
-2,712	15,4
-2,715	15,4
-2,717	15,4
-2,720	15,4
-2,723	15,4
-2,725	15,4
-2,728	15,4
-2,731	15,4
-2,733	15,4
