# Messung			1				
# Wellenlänge [nm]	546	Verstärkung 10^xA=1V	-10	Intensität		I_0	2.83
# U_Anode [mV]	dU_Anode [mV]	U_Mess     [V]	dU_Mess    [V]	I_Anode        
# [pA]	dI_Anode      [pA]	sqrt(I_Anode-I_0)	0
0.5 0.1 8.4 0.5 840 50 28.9339 0.8640
47 0.1 6.8 0.5 680 50 26.0225 0.9607
72 0.1 6.35 0.5 635 50 25.1430 0.9943
101 0.1 5.7 0.5 570 50 23.8153 1.0497
142 0.5 4.7 0.5 470 50 21.6141 1.1567
169 0.5 4.2 0.5 420 50 20.4247 1.2240
204 0.5 3.58 0.5 358 50 18.8460 1.3265
261 0.5 2.73 0.2 273 20 16.4368 0.6084
309 0.5 2.15 0.2 215 20 14.5661 0.6865
342 0.5 1.8 0.2 180 20 13.3105 0.7513
381 0.5 1.44 0.2 144 20 11.8815 0.8416
420 1 1.13 0.2 113 20 10.4962 0.9527
463 1 0.847 0.1 84.7 10 9.0482 0.5526
508 1 0.6 0.1 60 10 7.5611 0.6613
560 1 0.386 0.1 38.6 10 5.9808 0.8360
610 1 0.235 0.1 23.5 10 4.5464 1.0998
651 1 0.153 0.01 15.3 1 3.5313 0.1416
700 1 0.093 0.01 9.3 1 2.5436 0.1966
755 1 0.052 0.01 5.2 1 1.5395 0.3248
802 1 0.037 0.01 3.7 1 0.9327 0.5361
863 1 0.031 0.01 3.1 1 0.5196 0.9623
923 1 0.029 0.01 2.9 1 0.2646 1.8898
#1000 1 0.028 0.01 2.8 1 #NUM! #NUM!
#1341 1 0.027 0.01 2.7 1 #NUM! #NUM!
#2000 1 0.0265 0.01 2.65 1 #NUM! #NUM!
