# Messung			2				
# Wellenlänge [nm]	546	Verstärkung 10^xA=1V	-9	Intensität		I_0	46.75
# U_Anode [mV]	dU_Anode [mV]	U_Mess     [V]	dU_Mess    [V]	I_Anode        
# [pA]	dI_Anode      [pA]	sqrt(I_Anode-I_0)	0
0.5 0.1 4.1 0.5 4100 500 63.6651 3.9268
103 0.1 2.9 0.5 2900 500 53.4158 4.6803
200 0.2 2.02 0.2 2020 200 44.4213 2.2512
301 0.2 1.32 0.2 1320 200 35.6826 2.8025
410 1 0.79 0.1 790 100 27.2626 1.8340
531 1 0.4 0.1 400 100 18.7949 2.6603
611 1 0.208 0.05 208 50 12.6984 1.9687
695 1 0.092 0.02 92 20 6.7268 1.4866
812 1 0.05 0.01 50 10 1.8028 2.7735
#900 1 0.046 0.01 46 10 #NUM! #NUM!
#1000 1 0.046 0.01 46 10 #NUM! #NUM!
#2000 1 0.045 0.01 45 10 #NUM! #NUM!
