# Messung			2				
# Wellenlänge [nm]	365	Verstärkung 10^xA=1V	-9	Intensität		I_0	44.67
# U_Anode [mV]	dU_Anode [mV]	U_Mess     [V]	dU_Mess    [V]	I_Anode       
# [pA]	dI_Anode      [pA]	sqrt(I_Anode-I_0)	0
0.5 0.1 8.7 0.5 8700 500 93.0340 2.6872
130 0.5 7.3 0.5 7300 500 85.1782 2.9350
203 0.5 6.7 0.5 6700 500 81.5802 3.0645
305 0.5 5.9 0.5 5900 500 76.5201 3.2671
403 0.5 5 0.5 5000 500 70.3941 3.5514
508 1 4.2 0.5 4200 500 64.4619 3.8783
604 1 3.7 0.5 3700 500 60.4594 4.1350
710 1 2.9 0.5 2900 500 53.4353 4.6786
815 1 2.35 0.2 2350 200 48.0139 2.0827
911 1 1.8 0.2 1800 200 41.8967 2.3868
1018 1 1.39 0.1 1390 100 36.6788 1.3632
1115 1 1.09 0.1 1090 100 32.3316 1.5465
1202 1 0.82 0.05 820 50 27.8448 0.8978
1300 1 0.58 0.05 580 50 23.1373 1.0805
1412 1 0.39 0.01 390 10 18.5831 0.2691
1513 1 0.253 0.01 253 10 14.4338 0.3464
1610 1 0.159 0.01 159 10 10.6927 0.4676
1725 1 0.095 0.01 95 10 7.0946 0.7048
1805 1 0.066 0.01 66 10 4.6188 1.0825
1900 1 0.052 0.01 52 10 2.7080 1.8464
2010 1 0.048 0.01 48 10 1.8257 2.7386
2220 1 0.045 0.01 45 10 0.5774 8.6603
#2800 1 0.041 0.01 41 10 #NUM! #NUM!
