# Messung			3				
# Wellenlänge [nm]	365	Verstärkung 10^xA=1V	-8	Intensität		I_0	446.667
# U_Anode [mV]	dU_Anode [mV]	U_Mess     [V]	dU_Mess    [V]	I_Anode 
# [pA]	dI_Anode      [pA]	sqrt(I_Anode-I_0)	0
0.5 0.1 8.7 0.5 87000 5000 294.199 8.4976
130 0.5 7.3 0.5 73000 5000 269.357 9.2814
203 0.5 6.7 0.5 67000 5000 257.979 9.6907
305 0.5 5.9 0.5 59000 5000 241.978 10.3315
403 0.5 5 0.5 50000 5000 222.606 11.2306
508 1 4.2 0.5 42000 5000 203.846 12.2641
604 1 3.7 0.5 37000 5000 191.189 13.0760
710 1 2.9 0.5 29000 5000 168.977 14.7949
815 1 2.35 0.2 23500 2000 151.833 6.5862
911 1 1.8 0.2 18000 2000 132.489 7.5478
1018 1 1.39 0.1 13900 1000 115.989 4.3108
1115 1 1.09 0.05 10900 500 102.242 2.4452
1202 1 0.82 0.05 8200 500 88.0530 2.8392
1300 1 0.58 0.01 5800 100 73.1665 0.6834
1412 1 0.39 0.01 3900 100 58.7651 0.8508
1513 1 0.253 0.01 2530 100 45.6435 1.0954
1610 1 0.159 0.01 1590 100 33.8132 1.4787
1725 1 0.095 0.01 950 100 22.4351 2.2287
1805 1 0.066 0.01 660 100 14.6059 3.4233
1900 1 0.052 0.01 520 100 8.5635 5.8387
2010 1 0.048 0.01 480 100 5.7735 8.6603
2220 1 0.045 0.01 450 100 1.8257 27.3861
#2800 1 0.041 0.01 410 100 #NUM! #NUM!
