# Messung			1				
# Wellenlänge [nm]	436	Verstärkung 10^xA=1V	-9	Intensität		I_0	40.95
# U_Anode [mV]	dU_Anode [mV]	U_Mess     [V]	dU_Mess    [V]	I_Anode        
# [pA]	dI_Anode      [pA]	sqrt(I_Anode-I_0)	0
0.5 0.1 3.5 0.5 3500 500 58.8137 4.2507
62 0.1 3.1 0.5 3100 500 55.3087 4.5201
92 0.1 3.02 0.5 3020 500 54.5807 4.5804
131 0.1 2.84 0.5 2840 500 52.9060 4.7254
191 0.5 2.48 0.2 2480 200 49.3867 2.0248
220 0.5 2.25 0.2 2250 200 47.0005 2.1276
260 0.5 2.2 0.2 2200 200 46.4656 2.1521
345 0.5 1.71 0.2 1710 200 40.8540 2.4477
392 0.5 1.5 0.2 1500 200 38.1975 2.6180
437 1 1.31 0.2 1310 200 35.6237 2.8071
476 1 1.22 0.2 1220 200 34.3373 2.9123
524 1 1 0.2 1000 200 30.9685 3.2291
595 1 0.8 0.1 800 100 27.5509 1.8148
652 1 0.66 0.1 660 100 24.8807 2.0096
710 1 0.55 0.1 550 100 22.5621 2.2161
752 1 0.44 0.05 440 50 19.9762 1.2515
796 1 0.39 0.05 390 50 18.6829 1.3381
857 1 0.29 0.05 290 50 15.7813 1.5842
904 1 0.255 0.05 255 50 14.6304 1.7088
960 1 0.176 0.01 176 10 11.6211 0.4303
1000 1 0.135 0.01 135 10 9.6979 0.5156
1075 1 0.096 0.01 96 10 7.4196 0.6739
1124 1 0.078 0.01 78 10 6.0869 0.8214
1185 1 0.06 0.01 60 10 4.3646 1.1456
1263 1 0.046 0.01 46 10 2.2472 2.2250
1307 1 0.043 0.01 43 10 1.4318 3.4922
#1402 1 0.041 0.01 41 10 0.2236 22.3607
#1486 1 0.0406 0.01 40.6 10 #NUM! #NUM!
#2000 1 0.0392 0.01 39.2 10 #NUM! #NUM!
