# Messung			2				
# Wellenlänge [nm]	405	Verstärkung 10^xA=1V	-9	Intensität		I_0	46
# U_Anode [mV]	dU_Anode [mV]	U_Mess     [V]	dU_Mess    [V]	I_Anode        
# [pA]	dI_Anode      [pA]	sqrt(I_Anode-I_0)	0
0.5 0.1 4.7 0.5 4700 500 68.2178 3.6647
132 0.1 3.8 0.5 3800 500 61.2672 4.0805
213 0.5 3.3 0.5 3300 500 57.0409 4.3828
308 0.5 2.8 0.5 2800 500 52.4754 4.7641
400 0.5 2.4 0.2 2400 200 48.5146 2.0612
498 1 1.97 0.2 1970 200 43.8596 2.2800
612 1 1.45 0.2 1450 200 37.4655 2.6691
#705 1 1.4 0.2 1400 200 36.7922 2.7180
804 1 0.85 0.1 850 100 28.3490 1.7637
909 1 0.61 0.1 610 100 23.7417 2.1060
1000 1 0.47 0.05 470 50 20.5832 1.2146
1102 1 0.312 0.01 312 10 16.2993 0.3068
1202 1 0.2 0.01 200 10 12.3962 0.4033
1303 1 0.12 0.01 120 10 8.5829 0.5826
1413 1 0.073 0.01 73 10 5.1640 0.9682
1500 1 0.055 0.01 55 10 2.9439 1.6984
1600 1 0.048 0.01 48 10 1.2910 3.8730
1717 1 0.047 0.01 47 10 0.8165 6.1237
#2019 1 0.044 0.01 44 10 #NUM! #NUM!
