# Messung			1				
# Wellenlänge [nm]	365	Verstärkung 10^xA=1V	-10	Intensität		I_0	-3.82
# U_Anode [mV]	dU_Anode [mV]	U_Mess     [V]	dU_Mess    [V]	I_Anode        
# [pA]	dI_Anode      [pA]	sqrt(I_Anode-I_0)	0
0.5 0.1 8 0.5 800 50 28.3517 0.8818
63 0.1 7.3 0.5 730 50 27.0891 0.9229
119 0.1 6.8 0.5 680 50 26.1500 0.9560
153 0.5 6.6 0.5 660 50 25.7647 0.9703
225 0.5 6.1 0.5 610 50 24.7754 1.0091
286 0.5 5.7 0.5 570 50 23.9545 1.0436
341 0.5 5.2 0.5 520 50 22.8871 1.0923
388 0.5 4.6 0.5 460 50 21.5365 1.1608
446 1 4.1 0.5 410 50 20.3426 1.2290
521 1 3.63 0.5 363 50 19.1525 1.3053
571 1 3.25 0.5 325 50 18.1334 1.3787
611 1 3 0.5 300 50 17.4304 1.4343
643 1 2.92 0.5 292 50 17.1994 1.4535
694 1 2.59 0.2 259 20 16.2117 0.6168
752 1 2.21 0.2 221 20 14.9940 0.6669
800 1 1.89 0.2 189 20 13.8860 0.7202
848 1 1.68 0.2 168 20 13.1080 0.7629
934 1 1.31 0.1 131 10 11.6112 0.4306
1000 1 1 0.1 100 10 10.1892 0.4907
1066 1 0.8 0.1 80 10 9.1553 0.5461
1112 1 0.61 0.05 61 5 8.0511 0.3105
1180 1 0.45 0.05 45 5 6.9871 0.3578
1214 1 0.35 0.01 35 1 6.2306 0.0802
1272 1 0.235 0.01 23.5 1 5.2269 0.0957
1308 1 0.162 0.01 16.2 1 4.4744 0.1117
1357 1 0.092 0.01 9.2 1 3.6083 0.1386
1408 1 0.036 0.01 3.6 1 2.7240 0.1836
1421 1 0.023 0.01 2.3 1 2.4739 0.2021
1436 1 0.009 0.01 0.9 1 2.1726 0.2301
1445 1 0.003 0.01 0.3 1 2.0298 0.2463
1455 1 -0.006 0.01 -0.6 1 1.7944 0.2786
#1513 1 -0.045 0.01 -4.5 1 #NUM! #NUM!
#2000 1 -0.152 0.01 -15.2 1 #NUM! #NUM!
