# Messung			1				
# Wellenlänge [nm]	578	Verstärkung 10^xA=1V	-10	Intensität		I_0	3.386
# U_Anode [mV]	dU_Anode [mV]	U_Mess     [V]	dU_Mess    [V]	I_Anode        
# [pA]	dI_Anode      [pA]	sqrt(I_Anode-I_0)	0
0.6 0.1 2.3 0.5 230 50 15.0537 1.6607
11 0.1 2.2 0.5 220 50 14.7178 1.6986
22 0.1 2.1 0.5 210 50 14.3741 1.7392
46 0.1 1.8 0.5 180 50 13.2896 1.8812
77 0.1 1.55 0.5 155 50 12.3132 2.0303
120 0.5 1.35 0.5 135 50 11.4723 2.1792
145 0.5 1.2 0.2 120 20 10.7988 0.9260
163 0.5 1.06 0.2 106 20 10.1299 0.9872
183 0.5 0.95 0.2 95 20 9.5715 1.0448
200 0.5 0.91 0.2 91 20 9.3602 1.0683
225 0.5 0.8 0.2 80 20 8.7529 1.1425
254 0.5 0.67 0.2 67 20 7.9758 1.2538
290 0.5 0.56 0.1 56 10 7.2536 0.6893
310 0.5 0.48 0.1 48 10 6.6794 0.7486
335 0.5 0.4 0.1 40 10 6.0510 0.8263
367 0.5 0.32 0.1 32 10 5.3492 0.9347
414 1 0.235 0.01 23.5 1 4.4849 0.1115
439 1 0.192 0.01 19.2 1 3.9767 0.1257
460 1 0.159 0.01 15.9 1 3.5375 0.1413
484 1 0.131 0.01 13.1 1 3.1167 0.1604
510 1 0.1 0.01 10 1 2.5718 0.1944
543 1 0.075 0.01 7.5 1 2.0283 0.2465
590 1 0.051 0.01 5.1 1 1.3092 0.3819
610 1 0.048 0.01 4.8 1 1.1891 0.4205
622 1 0.044 0.01 4.4 1 1.0070 0.4965
654 1 0.04 0.01 4 1 0.7836 0.6381
712 1 0.035 0.01 3.5 1 0.3376 1.4809
750 1 0.034 0.01 3.4 1 0.1183 4.2258
800 1 0.034 0.01 3.4 1 0.1183 4.2258
#1000 1 0.0335 0.01 3.35 1 #NUM! #NUM!
#2000 1 0.0328 0.01 3.28 1 #NUM! #NUM!
