# Messung			2				
# Wellenlänge [nm]	578	Verstärkung 10^xA=1V	-9	Intensität		I_0	47.2667
# U_Anode [mV]	dU_Anode [mV]	U_Mess     [V]	dU_Mess    [V]	I_Anode        
# [pA]	dI_Anode      [pA]	sqrt(I_Anode-I_0)	0
0.6 0.1 1.6 0.2 1600 200 39.4047 2.5378
100 0.5 1.07 0.2 1070 200 31.9802 3.1269
200 0.5 0.68 0.1 680 100 25.1542 1.9877
303 0.5 0.42 0.1 420 100 19.3063 2.5898
401 0.5 0.24 0.01 240 10 13.8828 0.3602
500 1 0.124 0.01 124 10 8.7598 0.5708
594 1 0.064 0.01 64 10 4.0906 1.2223
702 1 0.049 0.005 49 5 1.3166 1.8989
#802 1 0.047 0.005 47 5 #NUM! #NUM!
990 1 0.0475 0.005 47.5 5 0.4830 5.1755
2000 1 0.0473 0.005 47.3 5 0.1826 13.6931
