# Messung			1				
# Wellenlänge [nm]	405	Verstärkung 10^xA=1V	-10	Intensität		I_0	0.733
# U_Anode [mV]	dU_Anode [mV]	U_Mess     [V]	dU_Mess    [V]	I_Anode  
# [pA]	dI_Anode      [pA]	sqrt(I_Anode-I_0)	0
0.5 0.1 4 0.5 400 50 19.9817 1.2511
19 0.1 3.9 0.5 390 50 19.7298 1.2671
76 0.1 3.66 0.5 366 50 19.1120 1.3081
117 0.1 3.2 0.5 320 50 17.8680 1.3991
155 0.5 3 0.5 300 50 17.2993 1.4451
201 0.5 2.76 0.5 276 50 16.5912 1.5068
273 0.5 2.43 0.2 243 20 15.5649 0.6425
333 0.5 2.3 0.2 230 20 15.1416 0.6604
390 0.5 1.95 0.2 195 20 13.9380 0.7175
444 1 1.85 0.2 185 20 13.5745 0.7367
508 1 1.59 0.2 159 20 12.5804 0.7949
579 1 1.2 0.1 120 10 10.9209 0.4578
638 1 1.09 0.1 109 10 10.4051 0.4805
701 1 0.86 0.1 86 10 9.2340 0.5415
777 1 0.62 0.05 62 5 7.8273 0.3194
843 1 0.47 0.05 47 5 6.8020 0.3675
924 1 0.34 0.05 34 5 5.7677 0.4334
1000 1 0.232 0.01 23.2 1 4.7399 0.1055
1062 1 0.166 0.01 16.6 1 3.9833 0.1255
1130 1 0.113 0.01 11.3 1 3.2506 0.1538
1200 1 0.077 0.01 7.7 1 2.6394 0.1894
1258 1 0.054 0.01 5.4 1 2.1602 0.2315
1288 1 0.046 0.01 4.6 1 1.9664 0.2543
1329 1 0.035 0.01 3.5 1 1.6633 0.3006
1388 1 0.022 0.01 2.2 1 1.2111 0.4129
1436 1 0.015 0.01 1.5 1 0.8756 0.5710
1500 1 0.01 0.01 1 1 0.5164 0.9682
#1553 1 0.007 0.01 0.7 1 #NUM! #NUM!
#2003 1 0.005 0.01 0.5 1 #NUM! #NUM!
