# Messung			2				
# Wellenlänge [nm]	436	Verstärkung 10^xA=1V	-9	Intensität		I_0	47
# U_Anode [mV]	dU_Anode [mV]	U_Mess     [V]	dU_Mess    [V]	I_Anode        
# [pA]	dI_Anode      [pA]	sqrt(I_Anode-I_0)	0
0.5 0.1 6.8 0.5 6800 500 82.1766 3.0422
100 0.1 5.7 0.5 5700 500 75.1864 3.3251
220 0.5 4.5 0.5 4500 500 66.7308 3.7464
305 0.5 3.7 0.5 3700 500 60.4401 4.1363
400 1 2.98 0.5 2980 500 54.1572 4.6162
510 1 2.25 0.2 2250 200 46.9361 2.1306
612 1 1.66 0.2 1660 200 40.1622 2.4899
726 1 1.15 0.1 1150 100 33.2114 1.5055
811 1 0.83 0.1 830 100 27.9821 1.7869
917 1 0.566 0.05 566 50 22.7816 1.0974
1002 1 0.373 0.05 373 50 18.0555 1.3846
1112 1 0.179 0.01 179 10 11.4891 0.4352
1215 1 0.088 0.01 88 10 6.4031 0.7809
1304 1 0.055 0.01 55 10 2.8284 1.7678
#1404 1 0.047 0.01 47 10 0.0000 59316416.0152
#1500 1 0.045 0.01 45 10 #NUM! #NUM!
#2000 1 0.041 0.01 41 10 #NUM! #NUM!
