&a / °	I1 / %
2,736	14,9
2,733	15,0
2,731	14,9
2,728	14,9
2,725	14,9
2,723	14,9
2,720	14,9
2,717	14,9
2,715	14,9
2,712	14,9
2,709	14,9
2,707	14,9
2,704	14,9
2,701	14,9
2,699	14,8
2,696	14,8
2,693	14,8
2,691	14,8
2,688	14,8
2,685	14,8
2,683	14,8
2,680	14,8
2,677	14,8
2,675	14,9
2,672	14,8
2,669	14,8
2,667	14,9
2,664	14,9
2,661	14,8
2,659	14,8
2,656	14,8
2,653	14,8
2,651	14,8
2,648	14,8
2,645	14,8
2,643	14,8
2,640	14,8
2,637	14,8
2,635	14,8
2,632	14,8
2,629	14,8
2,627	14,8
2,624	14,8
2,621	14,8
2,619	14,8
2,616	14,8
2,613	14,8
2,610	14,8
2,608	14,8
2,605	14,8
2,602	14,8
2,600	14,8
2,597	14,8
2,594	14,8
2,592	14,8
2,589	14,8
2,586	14,8
2,584	14,8
2,581	14,8
2,578	14,9
2,576	14,8
2,573	14,8
2,570	14,8
2,568	14,8
2,565	14,8
2,562	14,8
2,560	14,8
2,557	14,8
2,554	14,8
2,552	14,8
2,549	14,8
2,546	14,7
2,544	14,7
2,541	14,8
2,538	14,7
2,536	14,7
2,533	14,8
2,530	14,8
2,528	14,8
2,525	14,8
2,522	14,8
2,520	14,8
2,517	14,8
2,514	14,8
2,512	14,9
2,509	14,9
2,506	14,9
2,504	14,9
2,501	14,9
2,498	14,9
2,496	14,9
2,493	14,9
2,490	14,9
2,488	14,9
2,485	14,9
2,482	14,9
2,480	14,9
2,477	14,9
2,474	14,9
2,472	14,9
2,469	14,9
2,466	14,9
2,464	14,9
2,461	14,9
2,458	14,9
2,456	14,9
2,453	14,9
2,450	14,9
2,448	14,9
2,445	14,9
2,442	14,9
2,440	14,9
2,437	14,9
2,434	14,9
2,432	14,9
2,429	14,9
2,426	14,9
2,424	14,9
2,421	14,9
2,418	14,9
2,416	14,9
2,413	14,9
2,410	14,9
2,408	14,9
2,405	14,9
2,402	14,9
2,400	14,9
2,397	14,9
2,394	14,9
2,392	14,9
2,389	14,9
2,386	14,9
2,384	14,9
2,381	14,9
2,378	14,9
2,376	14,9
2,373	14,9
2,370	14,9
2,368	14,9
2,365	14,8
2,362	14,8
2,360	14,8
2,357	14,8
2,354	14,8
2,352	14,8
2,349	14,8
2,346	14,8
2,344	14,8
2,341	14,8
2,338	14,8
2,336	14,8
2,333	14,8
2,330	14,8
2,328	14,8
2,325	14,8
2,322	14,8
2,320	14,8
2,317	14,8
2,314	14,8
2,312	14,8
2,309	14,8
2,306	14,8
2,304	14,8
2,301	14,9
2,298	14,9
2,296	14,9
2,293	14,9
2,290	14,9
2,288	14,9
2,285	14,9
2,282	14,9
2,280	14,9
2,277	14,9
2,274	14,9
2,272	14,9
2,269	14,9
2,266	14,9
2,264	14,9
2,261	14,9
2,258	14,9
2,256	14,9
2,253	14,9
2,250	14,9
2,248	14,9
2,245	14,9
2,242	14,9
2,240	14,9
2,237	14,9
2,234	14,9
2,231	14,9
2,229	14,9
2,226	14,9
2,223	14,9
2,221	14,9
2,218	14,9
2,215	14,9
2,213	14,9
2,210	14,9
2,207	14,9
2,205	14,9
2,202	14,9
2,199	14,9
2,197	14,9
2,194	14,9
2,191	14,9
2,189	14,9
2,186	14,9
2,183	14,9
2,181	14,9
2,178	15,0
2,175	14,9
2,173	14,9
2,170	14,9
2,167	14,9
2,165	14,9
2,162	14,9
2,159	14,9
2,157	14,9
2,154	14,9
2,151	14,9
2,149	14,9
2,146	14,9
2,143	15,0
2,141	15,0
2,138	15,0
2,135	15,0
2,133	15,0
2,130	15,0
2,127	15,0
2,125	15,0
2,122	15,0
2,119	15,0
2,117	15,0
2,114	15,0
2,111	15,0
2,109	15,0
2,106	15,0
2,103	15,0
2,101	15,0
2,098	15,0
2,095	15,0
2,093	15,0
2,090	15,0
2,087	15,0
2,085	15,0
2,082	15,0
2,079	15,0
2,077	15,0
2,074	15,0
2,071	15,0
2,069	15,0
2,066	15,0
2,063	15,0
2,061	15,0
2,058	15,0
2,055	15,0
2,053	15,0
2,050	15,0
2,047	15,0
2,045	15,0
2,042	15,0
2,039	15,0
2,037	15,0
2,034	15,0
2,031	15,0
2,029	15,0
2,026	15,0
2,023	15,0
2,021	15,0
2,018	15,0
2,015	15,0
2,013	15,0
2,010	15,0
2,007	15,0
2,005	15,0
2,002	15,0
1,999	15,0
1,997	15,0
1,994	15,0
1,991	15,0
1,989	15,0
1,986	15,0
1,983	15,0
1,980	15,0
1,978	15,0
1,975	15,0
1,972	15,0
1,970	15,0
1,967	15,0
1,964	15,0
1,962	15,0
1,959	15,0
1,956	15,0
1,954	15,0
1,951	15,0
1,948	15,0
1,946	15,0
1,943	15,0
1,940	15,0
1,938	15,0
1,935	15,0
1,932	15,0
1,930	15,0
1,927	15,0
1,924	15,0
1,922	15,0
1,919	15,0
1,916	15,0
1,914	15,0
1,911	15,0
1,908	15,0
1,906	15,0
1,903	15,0
1,900	15,0
1,898	15,0
1,895	15,0
1,892	15,0
1,890	15,0
1,887	15,0
1,884	15,0
1,882	15,0
1,879	15,0
1,876	15,0
1,874	15,0
1,871	15,0
1,868	15,0
1,866	15,0
1,863	15,0
1,860	15,0
1,858	15,0
1,855	15,0
1,852	15,0
1,850	15,0
1,847	15,0
1,844	15,0
1,842	15,0
1,839	15,0
1,836	15,0
1,834	15,0
1,831	15,0
1,828	15,0
1,826	15,0
1,823	15,0
1,820	15,0
1,818	15,0
1,815	15,0
1,812	15,0
1,810	15,0
1,807	15,0
1,804	15,0
1,802	15,0
1,799	15,0
1,796	15,0
1,794	15,0
1,791	15,0
1,788	15,0
1,786	15,0
1,783	15,0
1,780	15,0
1,778	15,0
1,775	15,0
1,772	15,0
1,769	15,0
1,767	15,0
1,764	15,0
1,761	15,0
1,759	15,0
1,756	15,0
1,753	15,0
1,751	15,0
1,748	15,0
1,745	15,0
1,743	15,0
1,740	15,1
1,737	15,0
1,735	15,1
1,732	15,1
1,729	15,1
1,727	15,1
1,724	15,1
1,721	15,1
1,719	15,1
1,716	15,1
1,713	15,1
1,711	15,1
1,708	15,1
1,705	15,1
1,703	15,1
1,700	15,1
1,697	15,1
1,695	15,1
1,692	15,1
1,689	15,1
1,687	15,1
1,684	15,1
1,681	15,2
1,679	15,2
1,676	15,2
1,673	15,2
1,671	15,2
1,668	15,2
1,665	15,2
1,663	15,2
1,660	15,2
1,657	15,2
1,655	15,2
1,652	15,2
1,649	15,2
1,647	15,2
1,644	15,2
1,641	15,2
1,639	15,2
1,636	15,2
1,633	15,2
1,631	15,2
1,628	15,2
1,625	15,2
1,623	15,3
1,620	15,3
1,617	15,3
1,615	15,3
1,612	15,3
1,609	15,3
1,607	15,3
1,604	15,3
1,601	15,3
1,599	15,3
1,596	15,3
1,593	15,3
1,591	15,3
1,588	15,3
1,585	15,3
1,582	15,3
1,580	15,3
1,577	15,3
1,574	15,3
1,572	15,3
1,569	15,3
1,566	15,3
1,564	15,3
1,561	15,3
1,558	15,3
1,556	15,3
1,553	15,3
1,550	15,3
1,548	15,3
1,545	15,3
1,542	15,3
1,540	15,3
1,537	15,3
1,534	15,3
1,532	15,4
1,529	15,4
1,526	15,4
1,524	15,4
1,521	15,4
1,518	15,4
1,516	15,4
1,513	15,4
1,510	15,4
1,508	15,4
1,505	15,4
1,502	15,4
1,500	15,4
1,497	15,4
1,494	15,4
1,492	15,4
1,489	15,4
1,486	15,4
1,484	15,4
1,481	15,4
1,478	15,4
1,476	15,4
1,473	15,4
1,470	15,4
1,468	15,4
1,465	15,4
1,462	15,4
1,460	15,4
1,457	15,4
1,454	15,4
1,452	15,4
1,449	15,4
1,446	15,4
1,444	15,4
1,441	15,4
1,438	15,4
1,436	15,4
1,433	15,4
1,430	15,4
1,428	15,4
1,425	15,4
1,422	15,4
1,419	15,4
1,417	15,4
1,414	15,4
1,411	15,4
1,409	15,4
1,406	15,4
1,403	15,4
1,401	15,4
1,398	15,4
1,395	15,4
1,393	15,4
1,390	15,4
1,387	15,4
1,385	15,4
1,382	15,4
1,379	15,4
1,377	15,4
1,374	15,4
1,371	15,4
1,369	15,4
1,366	15,4
1,363	15,4
1,361	15,4
1,358	15,4
1,355	15,4
1,353	15,4
1,350	15,4
1,347	15,4
1,345	15,4
1,342	15,4
1,339	15,4
1,337	15,4
1,334	15,4
1,331	15,4
1,329	15,4
1,326	15,4
1,323	15,4
1,321	15,4
1,318	15,4
1,315	15,4
1,313	15,4
1,310	15,4
1,307	15,4
1,305	15,4
1,302	15,4
1,299	15,4
1,297	15,4
1,294	15,4
1,291	15,4
1,289	15,4
1,286	15,4
1,283	15,4
1,281	15,4
1,278	15,4
1,275	15,4
1,273	15,4
1,270	15,4
1,267	15,4
1,265	15,4
1,262	15,4
1,259	15,4
1,256	15,4
1,254	15,4
1,251	15,4
1,248	15,4
1,246	15,4
1,243	15,4
1,240	15,4
1,238	15,4
1,235	15,4
1,232	15,4
1,230	15,4
1,227	15,4
1,224	15,4
1,222	15,4
1,219	15,4
1,216	15,4
1,214	15,4
1,211	15,4
1,208	15,4
1,206	15,4
1,203	15,4
1,200	15,4
1,198	15,4
1,195	15,4
1,192	15,4
1,190	15,4
1,187	15,4
1,184	15,4
1,182	15,4
1,179	15,4
1,176	15,4
1,174	15,4
1,171	15,4
1,168	15,4
1,166	15,4
1,163	15,4
1,160	15,4
1,158	15,4
1,155	15,4
1,152	15,4
1,150	15,4
1,147	15,4
1,144	15,4
1,142	15,4
1,139	15,4
1,136	15,4
1,134	15,4
1,131	15,4
1,128	15,4
1,126	15,4
1,123	15,4
1,120	15,4
1,118	15,4
1,115	15,4
1,112	15,4
1,109	15,4
1,107	15,4
1,104	15,4
1,101	15,4
1,099	15,4
1,096	15,4
1,093	15,4
1,091	15,4
1,088	15,4
1,085	15,4
1,083	15,4
1,080	15,4
1,077	15,4
1,075	15,4
1,072	15,4
1,069	15,4
1,067	15,4
1,064	15,4
1,061	15,4
1,059	15,4
1,056	15,4
1,053	15,4
1,051	15,4
1,048	15,4
1,045	15,4
1,043	15,4
1,040	15,4
1,037	15,4
1,035	15,4
1,032	15,4
1,029	15,4
1,027	15,4
1,024	15,4
1,021	15,4
1,019	15,4
1,016	15,4
1,013	15,4
1,011	15,4
1,008	15,4
1,005	15,4
1,003	15,4
1,000	15,4
0,997	15,4
0,995	15,4
0,992	15,4
0,989	15,4
0,987	15,4
0,984	15,4
0,981	15,4
0,979	15,4
0,976	15,4
0,973	15,4
0,970	15,4
0,968	15,4
0,965	15,4
0,962	15,4
0,960	15,4
0,957	15,4
0,954	15,4
0,952	15,4
0,949	15,4
0,946	15,4
0,944	15,4
0,941	15,4
0,938	15,5
0,936	15,5
0,933	15,5
0,930	15,5
0,928	15,5
0,925	15,5
0,922	15,5
0,920	15,5
0,917	15,5
0,914	15,5
0,912	15,5
0,909	15,5
0,906	15,5
0,904	15,5
0,901	15,5
0,898	15,5
0,896	15,5
0,893	15,5
0,890	15,5
0,888	15,5
0,885	15,5
0,882	15,5
0,880	15,5
0,877	15,5
0,874	15,5
0,872	15,5
0,869	15,5
0,866	15,5
0,864	15,5
0,861	15,5
0,858	15,5
0,856	15,5
0,853	15,6
0,850	15,6
0,848	15,6
0,845	15,6
0,842	15,6
0,840	15,6
0,837	15,6
0,834	15,6
0,831	15,6
0,829	15,6
0,826	15,6
0,823	15,7
0,821	15,7
0,818	15,7
0,815	15,6
0,813	15,7
0,810	15,7
0,807	15,7
0,805	15,7
0,802	15,7
0,799	15,7
0,797	15,7
0,794	15,7
0,791	15,7
0,789	15,7
0,786	15,7
0,783	15,7
0,781	15,7
0,778	15,7
0,775	15,7
0,773	15,7
0,770	15,7
0,767	15,7
0,765	15,7
0,762	15,7
0,759	15,7
0,757	15,7
0,754	15,7
0,751	15,7
0,749	15,7
0,746	15,7
0,743	15,7
0,741	15,7
0,738	15,7
0,735	15,7
0,733	15,7
0,730	15,7
0,727	15,7
0,725	15,7
0,722	15,8
0,719	15,8
0,717	15,8
0,714	15,8
0,711	15,8
0,709	15,8
0,706	15,8
0,703	15,8
0,701	15,8
0,698	15,8
0,695	15,8
0,692	15,8
0,690	15,8
0,687	15,8
0,684	15,8
0,682	15,8
0,679	15,8
0,676	15,8
0,674	15,8
0,671	15,8
0,668	15,8
0,666	15,8
0,663	15,8
0,660	15,8
0,658	15,8
0,655	15,8
0,652	15,8
0,650	15,8
0,647	15,8
0,644	15,8
0,642	15,8
0,639	15,8
0,636	15,8
0,634	15,8
0,631	15,8
0,628	15,8
0,626	15,8
0,623	15,8
0,620	15,8
0,618	15,8
0,615	15,8
0,612	15,8
0,610	15,8
0,607	15,8
0,604	15,8
0,602	15,8
0,599	15,8
0,596	15,8
0,594	15,8
0,591	15,8
0,588	15,8
0,586	15,8
0,583	15,8
0,580	15,8
0,578	15,8
0,575	15,8
0,572	15,8
0,570	15,8
0,567	15,8
0,564	15,8
0,561	15,8
0,559	15,8
0,556	15,8
0,553	15,8
0,551	15,8
0,548	15,9
0,545	15,8
0,543	15,8
0,540	15,9
0,537	15,9
0,535	15,8
0,532	15,8
0,529	15,8
0,527	15,8
0,524	15,8
0,521	15,9
0,519	15,9
0,516	15,8
0,513	15,8
0,511	15,9
0,508	15,9
0,505	15,9
0,503	15,9
0,500	15,9
0,497	15,9
0,495	15,9
0,492	15,9
0,489	15,9
0,487	15,9
0,484	15,9
0,481	16,0
0,479	15,9
0,476	15,9
0,473	15,9
0,471	15,9
0,468	15,9
0,465	15,9
0,463	16,0
0,460	16,0
0,457	15,9
0,455	16,0
0,452	16,0
0,449	16,0
0,447	15,9
0,444	15,9
0,441	16,0
0,438	16,0
0,436	15,9
0,433	15,9
0,430	15,9
0,428	15,9
0,425	15,9
0,422	15,9
0,420	15,9
0,417	15,9
0,414	16,0
0,412	15,9
0,409	15,9
0,406	16,0
0,404	16,0
0,401	16,0
0,398	16,0
0,396	16,0
0,393	16,0
0,390	16,0
0,388	16,0
0,385	16,0
0,382	16,0
0,380	16,0
0,377	16,0
0,374	15,9
0,372	15,9
0,369	16,0
0,366	16,0
0,364	16,0
0,361	15,9
0,358	16,0
0,356	15,9
0,353	16,0
0,350	16,0
0,348	16,0
0,345	16,0
0,342	16,0
0,340	16,1
0,337	16,0
0,334	16,0
0,332	16,1
0,329	16,1
0,326	16,1
0,324	16,0
0,321	16,0
0,318	16,1
0,316	16,1
0,313	16,1
0,310	16,1
0,307	16,1
0,305	16,1
0,302	16,1
0,299	16,1
0,297	16,1
0,294	16,1
0,291	16,1
0,289	16,1
0,286	16,1
0,283	16,1
0,281	16,1
0,278	16,1
0,275	16,1
0,273	16,1
0,270	16,1
0,267	16,1
0,265	16,1
0,262	16,1
0,259	16,1
0,257	16,1
0,254	16,2
0,251	16,1
0,249	16,1
0,246	16,2
0,243	16,1
0,241	16,1
0,238	16,1
0,235	16,2
0,233	16,2
0,230	16,2
0,227	16,2
0,225	16,2
0,222	16,1
0,219	16,1
0,217	16,1
0,214	16,1
0,211	16,1
0,209	16,1
0,206	16,1
0,203	16,1
0,201	16,1
0,198	16,1
0,195	16,2
0,193	16,1
0,190	16,1
0,187	16,1
0,184	16,1
0,182	16,1
0,179	16,1
0,176	16,1
0,174	16,1
0,171	16,1
0,168	16,1
0,166	16,0
0,163	16,0
0,160	16,1
0,158	16,1
0,155	16,1
0,152	16,1
0,150	16,1
0,147	16,1
0,144	16,1
0,142	16,1
0,139	16,1
0,136	16,1
0,134	16,1
0,131	16,1
0,128	16,1
0,126	16,1
0,123	16,1
0,120	16,1
0,118	16,1
0,115	16,1
0,112	16,1
0,110	16,2
0,107	16,1
0,104	16,1
0,102	16,2
0,099	16,2
0,096	16,1
0,094	16,2
0,091	16,2
0,088	16,1
0,086	16,2
0,083	16,2
0,080	16,2
0,078	16,1
0,075	16,1
0,072	16,2
0,070	16,1
0,067	16,1
0,064	16,2
0,061	16,2
0,059	16,1
0,056	16,1
0,053	16,2
0,051	16,2
0,048	16,2
0,045	16,2
0,043	16,2
0,040	16,2
0,037	16,1
0,035	16,1
0,032	16,1
0,029	16,1
0,027	16,1
0,024	16,1
0,021	16,1
0,019	16,1
0,016	16,2
0,013	16,1
0,011	16,1
0,008	16,1
0,005	16,1
0,003	16,2
0,000	16,1
-0,003	16,1
-0,005	16,1
-0,008	16,1
-0,011	16,1
-0,013	16,1
-0,016	16,1
-0,019	16,1
-0,021	16,1
-0,024	16,1
-0,027	16,1
-0,029	16,1
-0,032	16,1
-0,035	16,1
-0,037	16,2
-0,040	16,2
-0,043	16,2
-0,045	16,2
-0,048	16,2
-0,051	16,2
-0,053	16,1
-0,056	16,2
-0,059	16,2
-0,061	16,2
-0,064	16,2
-0,067	16,2
-0,070	16,1
-0,072	16,1
-0,075	16,1
-0,078	16,1
-0,080	16,1
-0,083	16,1
-0,086	16,1
-0,088	16,2
-0,091	16,1
-0,094	16,1
-0,096	16,2
-0,099	16,2
-0,102	16,2
-0,104	16,1
-0,107	16,1
-0,110	16,1
-0,112	16,1
-0,115	16,1
-0,118	16,1
-0,120	16,1
-0,123	16,1
-0,126	16,2
-0,128	16,1
-0,131	16,1
-0,134	16,2
-0,136	16,2
-0,139	16,2
-0,142	16,2
-0,144	16,2
-0,147	16,2
-0,150	16,2
-0,152	16,2
-0,155	16,2
-0,158	16,2
-0,160	16,2
-0,163	16,2
-0,166	16,2
-0,168	16,2
-0,171	16,2
-0,174	16,2
-0,176	16,2
-0,179	16,2
-0,182	16,2
-0,184	16,2
-0,187	16,2
-0,190	16,2
-0,193	16,2
-0,195	16,2
-0,198	16,2
-0,201	16,2
-0,203	16,2
-0,206	16,2
-0,209	16,2
-0,211	16,2
-0,214	16,2
-0,217	16,2
-0,219	16,2
-0,222	16,2
-0,225	16,2
-0,227	16,2
-0,230	16,2
-0,233	16,2
-0,235	16,2
-0,238	16,2
-0,241	16,2
-0,243	16,2
-0,246	16,2
-0,249	16,2
-0,251	16,2
-0,254	16,2
-0,257	16,2
-0,259	16,2
-0,262	16,2
-0,265	16,2
-0,267	16,2
-0,270	16,2
-0,273	16,2
-0,275	16,2
-0,278	16,2
-0,281	16,2
-0,283	16,2
-0,286	16,2
-0,289	16,2
-0,291	16,2
-0,294	16,2
-0,297	16,2
-0,299	16,2
-0,302	16,1
-0,305	16,2
-0,307	16,2
-0,310	16,2
-0,313	16,2
-0,316	16,2
-0,318	16,2
-0,321	16,2
-0,324	16,2
-0,326	16,2
-0,329	16,2
-0,332	16,2
-0,334	16,2
-0,337	16,2
-0,340	16,2
-0,342	16,2
-0,345	16,2
-0,348	16,2
-0,350	16,2
-0,353	16,2
-0,356	16,2
-0,358	16,2
-0,361	16,2
-0,364	16,1
-0,366	16,1
-0,369	16,2
-0,372	16,2
-0,374	16,1
-0,377	16,2
-0,380	16,2
-0,382	16,2
-0,385	16,2
-0,388	16,2
-0,390	16,2
-0,393	16,2
-0,396	16,2
-0,398	16,2
-0,401	16,2
-0,404	16,2
-0,406	16,2
-0,409	16,2
-0,412	16,1
-0,414	16,2
-0,417	16,2
-0,420	16,2
-0,422	16,2
-0,425	16,2
-0,428	16,2
-0,430	16,2
-0,433	16,2
-0,436	16,2
-0,438	16,2
-0,441	16,2
-0,444	16,2
-0,447	16,2
-0,449	16,2
-0,452	16,2
-0,455	16,2
-0,457	16,2
-0,460	16,2
-0,463	16,2
-0,465	16,2
-0,468	16,2
-0,471	16,2
-0,473	16,2
-0,476	16,2
-0,479	16,2
-0,481	16,2
-0,484	16,2
-0,487	16,2
-0,489	16,2
-0,492	16,2
-0,495	16,2
-0,497	16,2
-0,500	16,2
-0,503	16,2
-0,505	16,2
-0,508	16,2
-0,511	16,3
-0,513	16,3
-0,516	16,3
-0,519	16,3
-0,521	16,3
-0,524	16,3
-0,527	16,3
-0,529	16,3
-0,532	16,3
-0,535	16,3
-0,537	16,3
-0,540	16,3
-0,543	16,3
-0,545	16,3
-0,548	16,3
-0,551	16,3
-0,553	16,3
-0,556	16,3
-0,559	16,3
-0,561	16,3
-0,564	16,3
-0,567	16,3
-0,570	16,3
-0,572	16,3
-0,575	16,3
-0,578	16,3
-0,580	16,3
-0,583	16,3
-0,586	16,3
-0,588	16,4
-0,591	16,5
-0,594	16,5
-0,596	16,6
-0,599	16,8
-0,602	17,2
-0,604	17,4
-0,607	17,5
-0,610	17,4
-0,612	17,3
-0,615	17,0
-0,618	16,7
-0,620	16,6
-0,623	16,5
-0,626	16,5
-0,628	16,5
-0,631	16,4
-0,634	16,4
-0,636	16,3
-0,639	16,3
-0,642	16,3
-0,644	16,3
-0,647	16,3
-0,650	16,3
-0,652	16,3
-0,655	16,3
-0,658	16,3
-0,660	16,2
-0,663	16,2
-0,666	16,2
-0,668	16,2
-0,671	16,2
-0,674	16,2
-0,676	16,2
-0,679	16,2
-0,682	16,2
-0,684	16,2
-0,687	16,3
-0,690	16,2
-0,692	16,3
-0,695	16,2
-0,698	16,2
-0,701	16,2
-0,703	16,2
-0,706	16,2
-0,709	16,2
-0,711	16,2
-0,714	16,2
-0,717	16,2
-0,719	16,2
-0,722	16,2
-0,725	16,3
-0,727	16,3
-0,730	16,2
-0,733	16,2
-0,735	16,2
-0,738	16,2
-0,741	16,2
-0,743	16,2
-0,746	16,2
-0,749	16,2
-0,751	16,2
-0,754	16,2
-0,757	16,2
-0,759	16,3
-0,762	16,3
-0,765	16,3
-0,767	16,2
-0,770	16,3
-0,773	16,3
-0,775	16,3
-0,778	16,3
-0,781	16,3
-0,783	16,3
-0,786	16,3
-0,789	16,3
-0,791	16,3
-0,794	16,3
-0,797	16,3
-0,799	16,3
-0,802	16,3
-0,805	16,3
-0,807	16,3
-0,810	16,3
-0,813	16,2
-0,815	16,2
-0,818	16,2
-0,821	16,3
-0,823	16,2
-0,826	16,2
-0,829	16,2
-0,831	16,2
-0,834	16,2
-0,837	16,2
-0,840	16,2
-0,842	16,2
-0,845	16,2
-0,848	16,2
-0,850	16,2
-0,853	16,2
-0,856	16,2
-0,858	16,2
-0,861	16,2
-0,864	16,2
-0,866	16,2
-0,869	16,2
-0,872	16,2
-0,874	16,2
-0,877	16,2
-0,880	16,2
-0,882	16,2
-0,885	16,2
-0,888	16,2
-0,890	16,2
-0,893	16,2
-0,896	16,2
-0,898	16,2
-0,901	16,2
-0,904	16,2
-0,906	16,2
-0,909	16,2
-0,912	16,2
-0,914	16,2
-0,917	16,2
-0,920	16,2
-0,922	16,2
-0,925	16,2
-0,928	16,2
-0,930	16,2
-0,933	16,2
-0,936	16,2
-0,938	16,2
-0,941	16,2
-0,944	16,2
-0,946	16,2
-0,949	16,2
-0,952	16,2
-0,954	16,2
-0,957	16,2
-0,960	16,2
-0,962	16,2
-0,965	16,2
-0,968	16,2
-0,970	16,2
-0,973	16,3
-0,976	16,3
-0,979	16,3
-0,981	16,3
-0,984	16,2
-0,987	16,2
-0,989	16,2
-0,992	16,2
-0,995	16,2
-0,997	16,2
-1,000	16,2
-1,003	16,2
-1,005	16,2
-1,008	16,2
-1,011	16,2
-1,013	16,2
-1,016	16,2
-1,019	16,2
-1,021	16,2
-1,024	16,2
-1,027	16,2
-1,029	16,2
-1,032	16,2
-1,035	16,2
-1,037	16,2
-1,040	16,2
-1,043	16,2
-1,045	16,2
-1,048	16,2
-1,051	16,2
-1,053	16,2
-1,056	16,2
-1,059	16,2
-1,061	16,2
-1,064	16,2
-1,067	16,2
-1,069	16,2
-1,072	16,2
-1,075	16,2
-1,077	16,2
-1,080	16,2
-1,083	16,2
-1,085	16,2
-1,088	16,2
-1,091	16,2
-1,093	16,2
-1,096	16,2
-1,099	16,2
-1,101	16,2
-1,104	16,2
-1,107	16,2
-1,109	16,2
-1,112	16,2
-1,115	16,2
-1,118	16,2
-1,120	16,2
-1,123	16,2
-1,126	16,2
-1,128	16,2
-1,131	16,2
-1,134	16,2
-1,136	16,2
-1,139	16,2
-1,142	16,2
-1,144	16,2
-1,147	16,2
-1,150	16,2
-1,152	16,2
-1,155	16,1
-1,158	16,2
-1,160	16,2
-1,163	16,2
-1,166	16,1
-1,168	16,1
-1,171	16,2
-1,174	16,2
-1,176	16,2
-1,179	16,2
-1,182	16,2
-1,184	16,2
-1,187	16,2
-1,190	16,2
-1,192	16,1
-1,195	16,1
-1,198	16,2
-1,200	16,2
-1,203	16,2
-1,206	16,2
-1,208	16,2
-1,211	16,2
-1,214	16,2
-1,216	16,2
-1,219	16,2
-1,222	16,2
-1,224	16,2
-1,227	16,2
-1,230	16,1
-1,232	16,1
-1,235	16,1
-1,238	16,1
-1,240	16,1
-1,243	16,1
-1,246	16,1
-1,248	16,1
-1,251	16,1
-1,254	16,1
-1,256	16,1
-1,259	16,1
-1,262	16,1
-1,265	16,1
-1,267	16,0
-1,270	16,1
-1,273	16,1
-1,275	16,1
-1,278	16,1
-1,281	16,2
-1,283	16,2
-1,286	16,2
-1,289	16,2
-1,291	16,1
-1,294	16,2
-1,297	16,2
-1,299	16,1
-1,302	16,1
-1,305	16,1
-1,307	16,1
-1,310	16,1
-1,313	16,2
-1,315	16,1
-1,318	16,1
-1,321	16,1
-1,323	16,1
-1,326	16,1
-1,329	16,1
-1,331	16,1
-1,334	16,1
-1,337	16,1
-1,339	16,1
-1,342	16,1
-1,345	16,1
-1,347	16,1
-1,350	16,1
-1,353	16,1
-1,355	16,1
-1,358	16,1
-1,361	16,2
-1,363	16,1
-1,366	16,1
-1,369	16,2
-1,371	16,1
-1,374	16,1
-1,377	16,1
-1,379	16,1
-1,382	16,1
-1,385	16,1
-1,387	16,1
-1,390	16,1
-1,393	16,1
-1,395	16,1
-1,398	16,1
-1,401	16,1
-1,403	16,1
-1,406	16,1
-1,409	16,1
-1,411	16,1
-1,414	16,2
-1,417	16,2
-1,419	16,2
-1,422	16,2
-1,425	16,2
-1,428	16,1
-1,430	16,2
-1,433	16,2
-1,436	16,2
-1,438	16,1
-1,441	16,1
-1,444	16,1
-1,446	16,1
-1,449	16,1
-1,452	16,1
-1,454	16,1
-1,457	16,1
-1,460	16,2
-1,462	16,1
-1,465	16,1
-1,468	16,1
-1,470	16,1
-1,473	16,1
-1,476	16,1
-1,478	16,1
-1,481	16,1
-1,484	16,1
-1,486	16,1
-1,489	16,1
-1,492	16,1
-1,494	16,1
-1,497	16,1
-1,500	16,1
-1,502	16,1
-1,505	16,1
-1,508	16,1
-1,510	16,1
-1,513	16,1
-1,516	16,1
-1,518	16,1
-1,521	16,1
-1,524	16,1
-1,526	16,1
-1,529	16,1
-1,532	16,1
-1,534	16,1
-1,537	16,1
-1,540	16,1
-1,542	16,1
-1,545	16,1
-1,548	16,1
-1,550	16,1
-1,553	16,1
-1,556	16,1
-1,558	16,0
-1,561	16,0
-1,564	16,1
-1,566	16,1
-1,569	16,1
-1,572	16,0
-1,574	16,1
-1,577	16,1
-1,580	16,0
-1,582	16,0
-1,585	16,1
-1,588	16,0
-1,591	16,0
-1,593	16,0
-1,596	16,1
-1,599	16,0
-1,601	16,0
-1,604	16,1
-1,607	16,1
-1,609	16,0
-1,612	16,0
-1,615	16,1
-1,617	16,1
-1,620	16,1
-1,623	16,1
-1,625	16,1
-1,628	16,1
-1,631	16,1
-1,633	16,1
-1,636	16,1
-1,639	16,1
-1,641	16,1
-1,644	16,1
-1,647	16,1
-1,649	16,1
-1,652	16,1
-1,655	16,1
-1,657	16,1
-1,660	16,2
-1,663	16,1
-1,665	16,1
-1,668	16,1
-1,671	16,1
-1,673	16,1
-1,676	16,1
-1,679	16,1
-1,681	16,1
-1,684	16,1
-1,687	16,1
-1,689	16,1
-1,692	16,1
-1,695	16,1
-1,697	16,1
-1,700	16,1
-1,703	16,0
-1,705	16,0
-1,708	16,1
-1,711	16,0
-1,713	16,0
-1,716	16,1
-1,719	16,1
-1,721	16,0
-1,724	16,0
-1,727	16,0
-1,729	16,1
-1,732	16,0
-1,735	16,0
-1,737	16,1
-1,740	16,1
-1,743	16,0
-1,745	16,0
-1,748	15,9
-1,751	15,9
-1,753	16,0
-1,756	16,0
-1,759	16,0
-1,761	16,0
-1,764	16,0
-1,767	16,0
-1,769	16,0
-1,772	16,0
-1,775	16,0
-1,778	16,0
-1,780	16,0
-1,783	16,0
-1,786	16,0
-1,788	16,0
-1,791	15,9
-1,794	16,0
-1,796	15,9
-1,799	15,9
-1,802	15,9
-1,804	15,9
-1,807	15,9
-1,810	15,9
-1,812	15,9
-1,815	16,0
-1,818	15,9
-1,820	16,0
-1,823	16,0
-1,826	16,0
-1,828	16,0
-1,831	16,0
-1,834	16,0
-1,836	16,0
-1,839	16,0
-1,842	16,0
-1,844	15,9
-1,847	15,9
-1,850	16,0
-1,852	16,0
-1,855	15,9
-1,858	15,9
-1,860	15,9
-1,863	15,9
-1,866	15,9
-1,868	15,9
-1,871	16,0
-1,874	16,0
-1,876	16,0
-1,879	16,0
-1,882	15,9
-1,884	15,9
-1,887	16,0
-1,890	16,0
-1,892	16,0
-1,895	16,0
-1,898	16,0
-1,900	16,0
-1,903	16,0
-1,906	16,0
-1,908	16,0
-1,911	16,0
-1,914	15,9
-1,916	15,9
-1,919	16,0
-1,922	15,9
-1,924	15,9
-1,927	15,9
-1,930	15,9
-1,932	15,9
-1,935	15,9
-1,938	15,9
-1,940	15,9
-1,943	15,9
-1,946	15,9
-1,948	15,9
-1,951	15,9
-1,954	15,9
-1,956	15,9
-1,959	15,9
-1,962	15,9
-1,964	16,0
-1,967	15,9
-1,970	15,9
-1,972	15,9
-1,975	15,9
-1,978	15,9
-1,980	15,9
-1,983	15,9
-1,986	15,9
-1,989	15,9
-1,991	15,9
-1,994	15,9
-1,997	15,9
-1,999	15,9
-2,002	15,9
-2,005	15,9
-2,007	15,9
-2,010	15,9
-2,013	15,9
-2,015	15,9
-2,018	15,9
-2,021	15,9
-2,023	15,9
-2,026	15,9
-2,029	15,9
-2,031	15,9
-2,034	15,9
-2,037	15,8
-2,039	15,9
-2,042	15,9
-2,045	15,9
-2,047	15,9
-2,050	15,9
-2,053	15,9
-2,055	15,9
-2,058	15,9
-2,061	15,9
-2,063	15,9
-2,066	15,9
-2,069	15,9
-2,071	15,9
-2,074	15,9
-2,077	15,9
-2,079	15,9
-2,082	15,9
-2,085	15,9
-2,087	15,9
-2,090	15,9
-2,093	15,9
-2,095	15,9
-2,098	15,9
-2,101	15,9
-2,103	15,9
-2,106	15,9
-2,109	15,9
-2,111	15,9
-2,114	15,9
-2,117	15,9
-2,119	15,9
-2,122	15,9
-2,125	15,9
-2,127	15,9
-2,130	15,9
-2,133	15,9
-2,135	15,9
-2,138	15,9
-2,141	15,9
-2,143	15,9
-2,146	15,9
-2,149	15,9
-2,151	15,9
-2,154	15,9
-2,157	15,9
-2,159	15,9
-2,162	15,9
-2,165	15,9
-2,167	15,9
-2,170	15,9
-2,173	15,9
-2,175	15,9
-2,178	15,9
-2,181	15,9
-2,183	15,9
-2,186	15,9
-2,189	15,9
-2,191	15,9
-2,194	15,9
-2,197	15,9
-2,199	15,9
-2,202	15,9
-2,205	15,9
-2,207	16,0
-2,210	16,0
-2,213	16,0
-2,215	16,0
-2,218	16,0
-2,221	16,0
-2,223	15,9
-2,226	16,0
-2,229	16,0
-2,231	16,0
-2,234	15,9
-2,237	15,9
-2,240	16,0
-2,242	16,0
-2,245	16,0
-2,248	16,0
-2,250	16,0
-2,253	16,0
-2,256	16,0
-2,258	16,0
-2,261	16,0
-2,264	16,0
-2,266	15,9
-2,269	16,0
-2,272	16,0
-2,274	16,0
-2,277	16,0
-2,280	16,0
-2,282	15,9
-2,285	15,9
-2,288	16,0
-2,290	16,0
-2,293	15,9
-2,296	15,9
-2,298	16,0
-2,301	15,9
-2,304	15,9
-2,306	16,0
-2,309	15,9
-2,312	16,0
-2,314	16,0
-2,317	16,0
-2,320	15,9
-2,322	16,0
-2,325	16,0
-2,328	16,0
-2,330	16,0
-2,333	16,0
-2,336	16,0
-2,338	16,0
-2,341	16,0
-2,344	16,0
-2,346	16,0
-2,349	16,0
-2,352	16,0
-2,354	16,0
-2,357	16,0
-2,360	15,9
-2,362	16,0
-2,365	16,0
-2,368	15,9
-2,370	15,9
-2,373	16,0
-2,376	16,0
-2,378	16,0
-2,381	16,0
-2,384	16,0
-2,386	16,0
-2,389	16,0
-2,392	16,0
-2,394	16,0
-2,397	16,0
-2,400	16,0
-2,402	16,0
-2,405	16,0
-2,408	16,0
-2,410	16,0
-2,413	16,0
-2,416	16,0
-2,418	16,0
-2,421	16,0
-2,424	15,9
-2,426	15,9
-2,429	16,0
-2,432	16,0
-2,434	15,9
-2,437	15,9
-2,440	16,0
-2,442	15,9
-2,445	15,9
-2,448	15,9
-2,450	15,9
-2,453	15,9
-2,456	15,9
-2,458	15,9
-2,461	15,9
-2,464	15,9
-2,466	15,9
-2,469	15,9
-2,472	15,9
-2,474	15,9
-2,477	15,9
-2,480	15,9
-2,482	15,9
-2,485	15,9
-2,488	15,9
-2,490	15,9
-2,493	15,9
-2,496	15,9
-2,498	15,9
-2,501	15,9
-2,504	15,9
-2,506	15,9
-2,509	15,9
-2,512	15,9
-2,514	15,9
-2,517	15,9
-2,520	15,9
-2,522	15,9
-2,525	15,9
-2,528	15,9
-2,530	15,9
-2,533	15,9
-2,536	16,0
-2,538	15,9
-2,541	15,9
-2,544	16,0
-2,546	16,0
-2,549	15,9
-2,552	16,0
-2,554	16,0
-2,557	15,9
-2,560	15,9
-2,562	16,0
-2,565	16,0
-2,568	16,0
-2,570	16,0
-2,573	16,0
-2,576	15,9
-2,578	15,9
-2,581	15,9
-2,584	15,9
-2,586	15,9
-2,589	15,9
-2,592	15,9
-2,594	15,9
-2,597	15,9
-2,600	16,0
-2,602	16,0
-2,605	16,0
-2,608	16,0
-2,610	16,0
-2,613	16,0
-2,616	16,0
-2,619	16,0
-2,621	16,0
-2,624	16,0
-2,627	16,0
-2,629	16,1
-2,632	16,1
-2,635	16,0
-2,637	16,0
-2,640	16,0
-2,643	16,0
-2,645	16,0
-2,648	16,0
-2,651	16,0
-2,653	16,0
-2,656	16,0
-2,659	16,1
-2,661	16,0
-2,664	16,0
-2,667	16,0
-2,669	16,0
-2,672	16,0
-2,675	16,0
-2,677	16,0
-2,680	16,0
-2,683	15,9
-2,685	15,9
-2,688	15,9
-2,691	15,9
-2,693	15,9
-2,696	15,9
-2,699	15,9
-2,701	15,9
-2,704	16,0
-2,707	16,0
-2,709	16,0
-2,712	16,0
-2,715	16,0
-2,717	16,0
-2,720	16,0
-2,723	16,0
-2,725	16,0
-2,728	16,0
-2,731	16,0
-2,733	16,0
