% Mess Nr Spannung 1  Spannung 2  Spannung 3  Spannung 4  Spannung 5      
1   $B+$  26,524  26,516  26,516  26,513  26,499  26,5136 0,008163333
2   $B+$  -26,462 -26,454 -26,454 -26,451 -26,437 -26,4516    0,008163333
3   $B+$  27,192  27,184  27,184  27,182  27,169  27,1822 0,00744043
4   $B+$  -27,203 -27,194 -27,194 -27,192 -27,178 -27,1922    0,008059777
5   $B-$  -27,196 -27,199 -27,193 -27,187 -27,18  -27,191 0,00678233
6   $B-$  27,26   27,263  27,257  27,25   27,243  27,2546 0,007227724
7   $B-$  -26,501 -26,504 -26,496 -26,49  -26,484 -26,495 0,007266361
8   $B-$  26,495  26,499  26,492  26,486  26,479  26,4902 0,007025667
9   0   -0,33   -0,33   -0,331  -0,329  -0,331  -0,3302 0,000748331
10  0   0,394   0,393   0,393   0,394   0,393   0,3934  0,000489898
