0.5 0.000109253 6.92416E-06 0.068004325 2.4166E+15  0.002737798
0.5 8.29253E-05 6.90932E-06 0.06810401  2.41306E+15 0.002736277
0   0   6.87745E-06 0.06813342  2.41201E+15 0.002725568
0.5 4.93563E-05 6.84412E-06 0.068139302 2.4118E+15  0.002713353
1.5 0.00012033  6.81799E-06 0.068096889 2.41331E+15 0.002701906
1   6.81323E-05 6.7983E-06  0.068097509 2.41329E+15 0.00269457
0   0   6.78191E-06 0.068033424 2.41556E+15 0.002685913
0   0   6.74179E-06 0.067925379 2.41941E+15 0.002666675
0.5 1.86697E-05 6.68302E-06 0.067743034 2.42593E+15 0.002637618
0   0   6.64466E-06 0.067618582 2.4304E+15  0.002618488
0   0   6.58324E-06 0.06748546  2.4352E+15  0.002590483
1   2.26434E-05 6.51901E-06 0.06732943  2.44085E+15 0.002560621
0   0   6.39325E-06 0.0668632   2.45789E+15 0.002496367
0   0   6.29709E-06 0.066475913 2.47223E+15 0.002446454
